[ 2.   0.5  0.5]
[ 0.5  2.   0.5]
[ 0.5  0.5  2. ]
[0 2 2]
[2 0 2]
[2 2 0]
[ 1.5  0.5  1. ]
[ 1.5  1.   0.5]
[ 0.5  1.5  1. ]
[ 0.5  1.   1.5]
[ 1.   1.5  0.5]
[ 1.   0.5  1.5]
[ 1.5         0.83333333  0.66666667]
[ 1.5         0.66666667  0.83333333]
[ 0.83333333  1.5         0.66666667]
[ 0.83333333  0.66666667  1.5       ]
[ 0.66666667  1.5         0.83333333]
[ 0.66666667  0.83333333  1.5       ]
[ 1.5   0.75  0.75]
[ 0.75  1.5   0.75]
[ 0.75  0.75  1.5 ]
[ 1.5  0.9  0.6]
[ 1.5  0.6  0.9]
[ 0.9  1.5  0.6]
[ 0.9  0.6  1.5]
[ 0.6  1.5  0.9]
[ 0.6  0.9  1.5]
[ 1.5  0.7  0.8]
[ 1.5  0.8  0.7]
[ 0.7  1.5  0.8]
[ 0.7  0.8  1.5]
[ 0.8  1.5  0.7]
[ 0.8  0.7  1.5]
[ 1.5         0.92857143  0.57142857]
[ 1.5         0.57142857  0.92857143]
[ 0.92857143  1.5         0.57142857]
[ 0.92857143  0.57142857  1.5       ]
[ 0.57142857  1.5         0.92857143]
[ 0.57142857  0.92857143  1.5       ]
[ 1.5         0.78571429  0.71428571]
[ 1.5         0.71428571  0.78571429]
[ 0.78571429  1.5         0.71428571]
[ 0.78571429  0.71428571  1.5       ]
[ 0.71428571  1.5         0.78571429]
[ 0.71428571  0.78571429  1.5       ]
[ 1.5         0.64285714  0.85714286]
[ 1.5         0.85714286  0.64285714]
[ 0.64285714  1.5         0.85714286]
[ 0.64285714  0.85714286  1.5       ]
[ 0.85714286  1.5         0.64285714]
[ 0.85714286  0.64285714  1.5       ]
[ 1.5    0.875  0.625]
[ 1.5    0.625  0.875]
[ 0.875  1.5    0.625]
[ 0.875  0.625  1.5  ]
[ 0.625  1.5    0.875]
[ 0.625  0.875  1.5  ]
[ 1.5         0.94444444  0.55555556]
[ 1.5         0.55555556  0.94444444]
[ 0.94444444  1.5         0.55555556]
[ 0.94444444  0.55555556  1.5       ]
[ 0.55555556  1.5         0.94444444]
[ 0.55555556  0.94444444  1.5       ]
[ 1.5         0.72222222  0.77777778]
[ 1.5         0.77777778  0.72222222]
[ 0.72222222  1.5         0.77777778]
[ 0.72222222  0.77777778  1.5       ]
[ 0.77777778  1.5         0.72222222]
[ 0.77777778  0.72222222  1.5       ]
[ 1.5         0.61111111  0.88888889]
[ 1.5         0.88888889  0.61111111]
[ 0.61111111  1.5         0.88888889]
[ 0.61111111  0.88888889  1.5       ]
[ 0.88888889  1.5         0.61111111]
[ 0.88888889  0.61111111  1.5       ]
[ 1.5         0.95454545  0.54545455]
[ 1.5         0.54545455  0.95454545]
[ 0.95454545  1.5         0.54545455]
[ 0.95454545  0.54545455  1.5       ]
[ 0.54545455  1.5         0.95454545]
[ 0.54545455  0.95454545  1.5       ]
[ 1.5         0.86363636  0.63636364]
[ 1.5         0.63636364  0.86363636]
[ 0.86363636  1.5         0.63636364]
[ 0.86363636  0.63636364  1.5       ]
[ 0.63636364  1.5         0.86363636]
[ 0.63636364  0.86363636  1.5       ]
[ 1.5         0.77272727  0.72727273]
[ 1.5         0.72727273  0.77272727]
[ 0.77272727  1.5         0.72727273]
[ 0.77272727  0.72727273  1.5       ]
[ 0.72727273  1.5         0.77272727]
[ 0.72727273  0.77272727  1.5       ]
[ 1.5         0.68181818  0.81818182]
[ 1.5         0.81818182  0.68181818]
[ 0.68181818  1.5         0.81818182]
[ 0.68181818  0.81818182  1.5       ]
[ 0.81818182  1.5         0.68181818]
[ 0.81818182  0.68181818  1.5       ]
[ 1.5         0.59090909  0.90909091]
[ 1.5         0.90909091  0.59090909]
[ 0.59090909  1.5         0.90909091]
[ 0.59090909  0.90909091  1.5       ]
[ 0.90909091  1.5         0.59090909]
[ 0.90909091  0.59090909  1.5       ]
[ 1.5         0.91666667  0.58333333]
[ 1.5         0.58333333  0.91666667]
[ 0.91666667  1.5         0.58333333]
[ 0.91666667  0.58333333  1.5       ]
[ 0.58333333  1.5         0.91666667]
[ 0.58333333  0.91666667  1.5       ]
[ 1.5         0.96153846  0.53846154]
[ 1.5         0.53846154  0.96153846]
[ 0.96153846  1.5         0.53846154]
[ 0.96153846  0.53846154  1.5       ]
[ 0.53846154  1.5         0.96153846]
[ 0.53846154  0.96153846  1.5       ]
[ 1.5         0.88461538  0.61538462]
[ 1.5         0.61538462  0.88461538]
[ 0.88461538  1.5         0.61538462]
[ 0.88461538  0.61538462  1.5       ]
[ 0.61538462  1.5         0.88461538]
[ 0.61538462  0.88461538  1.5       ]
[ 1.5         0.80769231  0.69230769]
[ 1.5         0.69230769  0.80769231]
[ 0.80769231  1.5         0.69230769]
[ 0.80769231  0.69230769  1.5       ]
[ 0.69230769  1.5         0.80769231]
[ 0.69230769  0.80769231  1.5       ]
[ 1.5         0.73076923  0.76923077]
[ 1.5         0.76923077  0.73076923]
[ 0.73076923  1.5         0.76923077]
[ 0.73076923  0.76923077  1.5       ]
[ 0.76923077  1.5         0.73076923]
[ 0.76923077  0.73076923  1.5       ]
[ 1.5         0.65384615  0.84615385]
[ 1.5         0.84615385  0.65384615]
[ 0.65384615  1.5         0.84615385]
[ 0.65384615  0.84615385  1.5       ]
[ 0.84615385  1.5         0.65384615]
[ 0.84615385  0.65384615  1.5       ]
[ 1.5         0.57692308  0.92307692]
[ 1.5         0.92307692  0.57692308]
[ 0.57692308  1.5         0.92307692]
[ 0.57692308  0.92307692  1.5       ]
[ 0.92307692  1.5         0.57692308]
[ 0.92307692  0.57692308  1.5       ]
[ 1.5         0.96666667  0.53333333]
[ 1.5         0.53333333  0.96666667]
[ 0.96666667  1.5         0.53333333]
[ 0.96666667  0.53333333  1.5       ]
[ 0.53333333  1.5         0.96666667]
[ 0.53333333  0.96666667  1.5       ]
[ 1.5         0.76666667  0.73333333]
[ 1.5         0.73333333  0.76666667]
[ 0.76666667  1.5         0.73333333]
[ 0.76666667  0.73333333  1.5       ]
[ 0.73333333  1.5         0.76666667]
[ 0.73333333  0.76666667  1.5       ]
[ 1.5         0.63333333  0.86666667]
[ 1.5         0.86666667  0.63333333]
[ 0.63333333  1.5         0.86666667]
[ 0.63333333  0.86666667  1.5       ]
[ 0.86666667  1.5         0.63333333]
[ 0.86666667  0.63333333  1.5       ]
[ 1.5         0.56666667  0.93333333]
[ 1.5         0.93333333  0.56666667]
[ 0.56666667  1.5         0.93333333]
[ 0.56666667  0.93333333  1.5       ]
[ 0.93333333  1.5         0.56666667]
[ 0.93333333  0.56666667  1.5       ]
[ 1.5     0.9375  0.5625]
[ 1.5     0.5625  0.9375]
[ 0.9375  1.5     0.5625]
[ 0.9375  0.5625  1.5   ]
[ 0.5625  1.5     0.9375]
[ 0.5625  0.9375  1.5   ]
[ 1.5     0.8125  0.6875]
[ 1.5     0.6875  0.8125]
[ 0.8125  1.5     0.6875]
[ 0.8125  0.6875  1.5   ]
[ 0.6875  1.5     0.8125]
[ 0.6875  0.8125  1.5   ]
[ 1.5         0.97058824  0.52941176]
[ 1.5         0.52941176  0.97058824]
[ 0.97058824  1.5         0.52941176]
[ 0.97058824  0.52941176  1.5       ]
[ 0.52941176  1.5         0.97058824]
[ 0.52941176  0.97058824  1.5       ]
[ 1.5         0.91176471  0.58823529]
[ 1.5         0.58823529  0.91176471]
[ 0.91176471  1.5         0.58823529]
[ 0.91176471  0.58823529  1.5       ]
[ 0.58823529  1.5         0.91176471]
[ 0.58823529  0.91176471  1.5       ]
[ 1.5         0.85294118  0.64705882]
[ 1.5         0.64705882  0.85294118]
[ 0.85294118  1.5         0.64705882]
[ 0.85294118  0.64705882  1.5       ]
[ 0.64705882  1.5         0.85294118]
[ 0.64705882  0.85294118  1.5       ]
[ 1.5         0.79411765  0.70588235]
[ 1.5         0.70588235  0.79411765]
[ 0.79411765  1.5         0.70588235]
[ 0.79411765  0.70588235  1.5       ]
[ 0.70588235  1.5         0.79411765]
[ 0.70588235  0.79411765  1.5       ]
[ 1.5         0.73529412  0.76470588]
[ 1.5         0.76470588  0.73529412]
[ 0.73529412  1.5         0.76470588]
[ 0.73529412  0.76470588  1.5       ]
[ 0.76470588  1.5         0.73529412]
[ 0.76470588  0.73529412  1.5       ]
[ 1.5         0.67647059  0.82352941]
[ 1.5         0.82352941  0.67647059]
[ 0.67647059  1.5         0.82352941]
[ 0.67647059  0.82352941  1.5       ]
[ 0.82352941  1.5         0.67647059]
[ 0.82352941  0.67647059  1.5       ]
[ 1.5         0.61764706  0.88235294]
[ 1.5         0.88235294  0.61764706]
[ 0.61764706  1.5         0.88235294]
[ 0.61764706  0.88235294  1.5       ]
[ 0.88235294  1.5         0.61764706]
[ 0.88235294  0.61764706  1.5       ]
[ 1.5         0.55882353  0.94117647]
[ 1.5         0.94117647  0.55882353]
[ 0.55882353  1.5         0.94117647]
[ 0.55882353  0.94117647  1.5       ]
[ 0.94117647  1.5         0.55882353]
[ 0.94117647  0.55882353  1.5       ]
[ 1.5         0.97368421  0.52631579]
[ 1.5         0.52631579  0.97368421]
[ 0.97368421  1.5         0.52631579]
[ 0.97368421  0.52631579  1.5       ]
[ 0.52631579  1.5         0.97368421]
[ 0.52631579  0.97368421  1.5       ]
[ 1.5         0.92105263  0.57894737]
[ 1.5         0.57894737  0.92105263]
[ 0.92105263  1.5         0.57894737]
[ 0.92105263  0.57894737  1.5       ]
[ 0.57894737  1.5         0.92105263]
[ 0.57894737  0.92105263  1.5       ]
[ 1.5         0.86842105  0.63157895]
[ 1.5         0.63157895  0.86842105]
[ 0.86842105  1.5         0.63157895]
[ 0.86842105  0.63157895  1.5       ]
[ 0.63157895  1.5         0.86842105]
[ 0.63157895  0.86842105  1.5       ]
[ 1.5         0.81578947  0.68421053]
[ 1.5         0.68421053  0.81578947]
[ 0.81578947  1.5         0.68421053]
[ 0.81578947  0.68421053  1.5       ]
[ 0.68421053  1.5         0.81578947]
[ 0.68421053  0.81578947  1.5       ]
[ 1.5         0.76315789  0.73684211]
[ 1.5         0.73684211  0.76315789]
[ 0.76315789  1.5         0.73684211]
[ 0.76315789  0.73684211  1.5       ]
[ 0.73684211  1.5         0.76315789]
[ 0.73684211  0.76315789  1.5       ]
[ 1.5         0.71052632  0.78947368]
[ 1.5         0.78947368  0.71052632]
[ 0.71052632  1.5         0.78947368]
[ 0.71052632  0.78947368  1.5       ]
[ 0.78947368  1.5         0.71052632]
[ 0.78947368  0.71052632  1.5       ]
[ 1.5         0.65789474  0.84210526]
[ 1.5         0.84210526  0.65789474]
[ 0.65789474  1.5         0.84210526]
[ 0.65789474  0.84210526  1.5       ]
[ 0.84210526  1.5         0.65789474]
[ 0.84210526  0.65789474  1.5       ]
[ 1.5         0.60526316  0.89473684]
[ 1.5         0.89473684  0.60526316]
[ 0.60526316  1.5         0.89473684]
[ 0.60526316  0.89473684  1.5       ]
[ 0.89473684  1.5         0.60526316]
[ 0.89473684  0.60526316  1.5       ]
[ 1.5         0.55263158  0.94736842]
[ 1.5         0.94736842  0.55263158]
[ 0.55263158  1.5         0.94736842]
[ 0.55263158  0.94736842  1.5       ]
[ 0.94736842  1.5         0.55263158]
[ 0.94736842  0.55263158  1.5       ]
[ 1.5   0.95  0.55]
[ 1.5   0.55  0.95]
[ 0.95  1.5   0.55]
[ 0.95  0.55  1.5 ]
[ 0.55  1.5   0.95]
[ 0.55  0.95  1.5 ]
[ 1.5   0.85  0.65]
[ 1.5   0.65  0.85]
[ 0.85  1.5   0.65]
[ 0.85  0.65  1.5 ]
[ 0.65  1.5   0.85]
[ 0.65  0.85  1.5 ]
[ 1.5         0.95833333  0.54166667]
[ 1.5         0.54166667  0.95833333]
[ 0.95833333  1.5         0.54166667]
[ 0.95833333  0.54166667  1.5       ]
[ 0.54166667  1.5         0.95833333]
[ 0.54166667  0.95833333  1.5       ]
[ 1.5         0.79166667  0.70833333]
[ 1.5         0.70833333  0.79166667]
[ 0.79166667  1.5         0.70833333]
[ 0.79166667  0.70833333  1.5       ]
[ 0.70833333  1.5         0.79166667]
[ 0.70833333  0.79166667  1.5       ]
[ 1.5         0.96428571  0.53571429]
[ 1.5         0.53571429  0.96428571]
[ 0.96428571  1.5         0.53571429]
[ 0.96428571  0.53571429  1.5       ]
[ 0.53571429  1.5         0.96428571]
[ 0.53571429  0.96428571  1.5       ]
[ 1.5         0.89285714  0.60714286]
[ 1.5         0.60714286  0.89285714]
[ 0.89285714  1.5         0.60714286]
[ 0.89285714  0.60714286  1.5       ]
[ 0.60714286  1.5         0.89285714]
[ 0.60714286  0.89285714  1.5       ]
[ 1.5         0.82142857  0.67857143]
[ 1.5         0.67857143  0.82142857]
[ 0.82142857  1.5         0.67857143]
[ 0.82142857  0.67857143  1.5       ]
[ 0.67857143  1.5         0.82142857]
[ 0.67857143  0.82142857  1.5       ]
[ 1.5      0.96875  0.53125]
[ 1.5      0.53125  0.96875]
[ 0.96875  1.5      0.53125]
[ 0.96875  0.53125  1.5    ]
[ 0.53125  1.5      0.96875]
[ 0.53125  0.96875  1.5    ]
[ 1.5      0.90625  0.59375]
[ 1.5      0.59375  0.90625]
[ 0.90625  1.5      0.59375]
[ 0.90625  0.59375  1.5    ]
[ 0.59375  1.5      0.90625]
[ 0.59375  0.90625  1.5    ]
[ 1.5      0.84375  0.65625]
[ 1.5      0.65625  0.84375]
[ 0.84375  1.5      0.65625]
[ 0.84375  0.65625  1.5    ]
[ 0.65625  1.5      0.84375]
[ 0.65625  0.84375  1.5    ]
[ 1.5      0.78125  0.71875]
[ 1.5      0.71875  0.78125]
[ 0.78125  1.5      0.71875]
[ 0.78125  0.71875  1.5    ]
[ 0.71875  1.5      0.78125]
[ 0.71875  0.78125  1.5    ]
[ 1.5         0.97222222  0.52777778]
[ 1.5         0.52777778  0.97222222]
[ 0.97222222  1.5         0.52777778]
[ 0.97222222  0.52777778  1.5       ]
[ 0.52777778  1.5         0.97222222]
[ 0.52777778  0.97222222  1.5       ]
[ 1.5         0.86111111  0.63888889]
[ 1.5         0.63888889  0.86111111]
[ 0.86111111  1.5         0.63888889]
[ 0.86111111  0.63888889  1.5       ]
[ 0.63888889  1.5         0.86111111]
[ 0.63888889  0.86111111  1.5       ]
[ 1.5         0.80555556  0.69444444]
[ 1.5         0.69444444  0.80555556]
[ 0.80555556  1.5         0.69444444]
[ 0.80555556  0.69444444  1.5       ]
[ 0.69444444  1.5         0.80555556]
[ 0.69444444  0.80555556  1.5       ]
[ 1.5    0.975  0.525]
[ 1.5    0.525  0.975]
[ 0.975  1.5    0.525]
[ 0.975  0.525  1.5  ]
[ 0.525  1.5    0.975]
[ 0.525  0.975  1.5  ]
[ 1.5    0.925  0.575]
[ 1.5    0.575  0.925]
[ 0.925  1.5    0.575]
[ 0.925  0.575  1.5  ]
[ 0.575  1.5    0.925]
[ 0.575  0.925  1.5  ]
[ 1.5    0.825  0.675]
[ 1.5    0.675  0.825]
[ 0.825  1.5    0.675]
[ 0.825  0.675  1.5  ]
[ 0.675  1.5    0.825]
[ 0.675  0.825  1.5  ]
[ 1.5    0.775  0.725]
[ 1.5    0.725  0.775]
[ 0.775  1.5    0.725]
[ 0.775  0.725  1.5  ]
[ 0.725  1.5    0.775]
[ 0.725  0.775  1.5  ]
[ 0.5         1.16666667  1.33333333]
[ 0.5         1.33333333  1.16666667]
[ 1.16666667  0.5         1.33333333]
[ 1.16666667  1.33333333  0.5       ]
[ 1.33333333  0.5         1.16666667]
[ 1.33333333  1.16666667  0.5       ]
[ 0.5   1.25  1.25]
[ 1.25  0.5   1.25]
[ 1.25  1.25  0.5 ]
[ 0.5  1.3  1.2]
[ 0.5  1.2  1.3]
[ 1.3  0.5  1.2]
[ 1.3  1.2  0.5]
[ 1.2  0.5  1.3]
[ 1.2  1.3  0.5]
[ 0.5  1.1  1.4]
[ 0.5  1.4  1.1]
[ 1.1  0.5  1.4]
[ 1.1  1.4  0.5]
[ 1.4  0.5  1.1]
[ 1.4  1.1  0.5]
[ 0.5         1.35714286  1.14285714]
[ 0.5         1.14285714  1.35714286]
[ 1.35714286  0.5         1.14285714]
[ 1.35714286  1.14285714  0.5       ]
[ 1.14285714  0.5         1.35714286]
[ 1.14285714  1.35714286  0.5       ]
[ 0.5         1.21428571  1.28571429]
[ 0.5         1.28571429  1.21428571]
[ 1.21428571  0.5         1.28571429]
[ 1.21428571  1.28571429  0.5       ]
[ 1.28571429  0.5         1.21428571]
[ 1.28571429  1.21428571  0.5       ]
[ 0.5         1.07142857  1.42857143]
[ 0.5         1.42857143  1.07142857]
[ 1.07142857  0.5         1.42857143]
[ 1.07142857  1.42857143  0.5       ]
[ 1.42857143  0.5         1.07142857]
[ 1.42857143  1.07142857  0.5       ]
[ 0.5    1.375  1.125]
[ 0.5    1.125  1.375]
[ 1.375  0.5    1.125]
[ 1.375  1.125  0.5  ]
[ 1.125  0.5    1.375]
[ 1.125  1.375  0.5  ]
[ 0.5         1.38888889  1.11111111]
[ 0.5         1.11111111  1.38888889]
[ 1.38888889  0.5         1.11111111]
[ 1.38888889  1.11111111  0.5       ]
[ 1.11111111  0.5         1.38888889]
[ 1.11111111  1.38888889  0.5       ]
[ 0.5         1.27777778  1.22222222]
[ 0.5         1.22222222  1.27777778]
[ 1.27777778  0.5         1.22222222]
[ 1.27777778  1.22222222  0.5       ]
[ 1.22222222  0.5         1.27777778]
[ 1.22222222  1.27777778  0.5       ]
[ 0.5         1.05555556  1.44444444]
[ 0.5         1.44444444  1.05555556]
[ 1.05555556  0.5         1.44444444]
[ 1.05555556  1.44444444  0.5       ]
[ 1.44444444  0.5         1.05555556]
[ 1.44444444  1.05555556  0.5       ]
[ 0.5         1.40909091  1.09090909]
[ 0.5         1.09090909  1.40909091]
[ 1.40909091  0.5         1.09090909]
[ 1.40909091  1.09090909  0.5       ]
[ 1.09090909  0.5         1.40909091]
[ 1.09090909  1.40909091  0.5       ]
[ 0.5         1.31818182  1.18181818]
[ 0.5         1.18181818  1.31818182]
[ 1.31818182  0.5         1.18181818]
[ 1.31818182  1.18181818  0.5       ]
[ 1.18181818  0.5         1.31818182]
[ 1.18181818  1.31818182  0.5       ]
[ 0.5         1.22727273  1.27272727]
[ 0.5         1.27272727  1.22727273]
[ 1.22727273  0.5         1.27272727]
[ 1.22727273  1.27272727  0.5       ]
[ 1.27272727  0.5         1.22727273]
[ 1.27272727  1.22727273  0.5       ]
[ 0.5         1.13636364  1.36363636]
[ 0.5         1.36363636  1.13636364]
[ 1.13636364  0.5         1.36363636]
[ 1.13636364  1.36363636  0.5       ]
[ 1.36363636  0.5         1.13636364]
[ 1.36363636  1.13636364  0.5       ]
[ 0.5         1.04545455  1.45454545]
[ 0.5         1.45454545  1.04545455]
[ 1.04545455  0.5         1.45454545]
[ 1.04545455  1.45454545  0.5       ]
[ 1.45454545  0.5         1.04545455]
[ 1.45454545  1.04545455  0.5       ]
[ 0.5         1.41666667  1.08333333]
[ 0.5         1.08333333  1.41666667]
[ 1.41666667  0.5         1.08333333]
[ 1.41666667  1.08333333  0.5       ]
[ 1.08333333  0.5         1.41666667]
[ 1.08333333  1.41666667  0.5       ]
[ 0.5         1.42307692  1.07692308]
[ 0.5         1.07692308  1.42307692]
[ 1.42307692  0.5         1.07692308]
[ 1.42307692  1.07692308  0.5       ]
[ 1.07692308  0.5         1.42307692]
[ 1.07692308  1.42307692  0.5       ]
[ 0.5         1.34615385  1.15384615]
[ 0.5         1.15384615  1.34615385]
[ 1.34615385  0.5         1.15384615]
[ 1.34615385  1.15384615  0.5       ]
[ 1.15384615  0.5         1.34615385]
[ 1.15384615  1.34615385  0.5       ]
[ 0.5         1.26923077  1.23076923]
[ 0.5         1.23076923  1.26923077]
[ 1.26923077  0.5         1.23076923]
[ 1.26923077  1.23076923  0.5       ]
[ 1.23076923  0.5         1.26923077]
[ 1.23076923  1.26923077  0.5       ]
[ 0.5         1.19230769  1.30769231]
[ 0.5         1.30769231  1.19230769]
[ 1.19230769  0.5         1.30769231]
[ 1.19230769  1.30769231  0.5       ]
[ 1.30769231  0.5         1.19230769]
[ 1.30769231  1.19230769  0.5       ]
[ 0.5         1.11538462  1.38461538]
[ 0.5         1.38461538  1.11538462]
[ 1.11538462  0.5         1.38461538]
[ 1.11538462  1.38461538  0.5       ]
[ 1.38461538  0.5         1.11538462]
[ 1.38461538  1.11538462  0.5       ]
[ 0.5         1.03846154  1.46153846]
[ 0.5         1.46153846  1.03846154]
[ 1.03846154  0.5         1.46153846]
[ 1.03846154  1.46153846  0.5       ]
[ 1.46153846  0.5         1.03846154]
[ 1.46153846  1.03846154  0.5       ]
[ 0.5         1.43333333  1.06666667]
[ 0.5         1.06666667  1.43333333]
[ 1.43333333  0.5         1.06666667]
[ 1.43333333  1.06666667  0.5       ]
[ 1.06666667  0.5         1.43333333]
[ 1.06666667  1.43333333  0.5       ]
[ 0.5         1.36666667  1.13333333]
[ 0.5         1.13333333  1.36666667]
[ 1.36666667  0.5         1.13333333]
[ 1.36666667  1.13333333  0.5       ]
[ 1.13333333  0.5         1.36666667]
[ 1.13333333  1.36666667  0.5       ]
[ 0.5         1.23333333  1.26666667]
[ 0.5         1.26666667  1.23333333]
[ 1.23333333  0.5         1.26666667]
[ 1.23333333  1.26666667  0.5       ]
[ 1.26666667  0.5         1.23333333]
[ 1.26666667  1.23333333  0.5       ]
[ 0.5         1.03333333  1.46666667]
[ 0.5         1.46666667  1.03333333]
[ 1.03333333  0.5         1.46666667]
[ 1.03333333  1.46666667  0.5       ]
[ 1.46666667  0.5         1.03333333]
[ 1.46666667  1.03333333  0.5       ]
[ 0.5     1.4375  1.0625]
[ 0.5     1.0625  1.4375]
[ 1.4375  0.5     1.0625]
[ 1.4375  1.0625  0.5   ]
[ 1.0625  0.5     1.4375]
[ 1.0625  1.4375  0.5   ]
[ 0.5     1.3125  1.1875]
[ 0.5     1.1875  1.3125]
[ 1.3125  0.5     1.1875]
[ 1.3125  1.1875  0.5   ]
[ 1.1875  0.5     1.3125]
[ 1.1875  1.3125  0.5   ]
[ 0.5         1.44117647  1.05882353]
[ 0.5         1.05882353  1.44117647]
[ 1.44117647  0.5         1.05882353]
[ 1.44117647  1.05882353  0.5       ]
[ 1.05882353  0.5         1.44117647]
[ 1.05882353  1.44117647  0.5       ]
[ 0.5         1.38235294  1.11764706]
[ 0.5         1.11764706  1.38235294]
[ 1.38235294  0.5         1.11764706]
[ 1.38235294  1.11764706  0.5       ]
[ 1.11764706  0.5         1.38235294]
[ 1.11764706  1.38235294  0.5       ]
[ 0.5         1.32352941  1.17647059]
[ 0.5         1.17647059  1.32352941]
[ 1.32352941  0.5         1.17647059]
[ 1.32352941  1.17647059  0.5       ]
[ 1.17647059  0.5         1.32352941]
[ 1.17647059  1.32352941  0.5       ]
[ 0.5         1.26470588  1.23529412]
[ 0.5         1.23529412  1.26470588]
[ 1.26470588  0.5         1.23529412]
[ 1.26470588  1.23529412  0.5       ]
[ 1.23529412  0.5         1.26470588]
[ 1.23529412  1.26470588  0.5       ]
[ 0.5         1.20588235  1.29411765]
[ 0.5         1.29411765  1.20588235]
[ 1.20588235  0.5         1.29411765]
[ 1.20588235  1.29411765  0.5       ]
[ 1.29411765  0.5         1.20588235]
[ 1.29411765  1.20588235  0.5       ]
[ 0.5         1.14705882  1.35294118]
[ 0.5         1.35294118  1.14705882]
[ 1.14705882  0.5         1.35294118]
[ 1.14705882  1.35294118  0.5       ]
[ 1.35294118  0.5         1.14705882]
[ 1.35294118  1.14705882  0.5       ]
[ 0.5         1.08823529  1.41176471]
[ 0.5         1.41176471  1.08823529]
[ 1.08823529  0.5         1.41176471]
[ 1.08823529  1.41176471  0.5       ]
[ 1.41176471  0.5         1.08823529]
[ 1.41176471  1.08823529  0.5       ]
[ 0.5         1.02941176  1.47058824]
[ 0.5         1.47058824  1.02941176]
[ 1.02941176  0.5         1.47058824]
[ 1.02941176  1.47058824  0.5       ]
[ 1.47058824  0.5         1.02941176]
[ 1.47058824  1.02941176  0.5       ]
[ 0.5         1.44736842  1.05263158]
[ 0.5         1.05263158  1.44736842]
[ 1.44736842  0.5         1.05263158]
[ 1.44736842  1.05263158  0.5       ]
[ 1.05263158  0.5         1.44736842]
[ 1.05263158  1.44736842  0.5       ]
[ 0.5         1.39473684  1.10526316]
[ 0.5         1.10526316  1.39473684]
[ 1.39473684  0.5         1.10526316]
[ 1.39473684  1.10526316  0.5       ]
[ 1.10526316  0.5         1.39473684]
[ 1.10526316  1.39473684  0.5       ]
[ 0.5         1.34210526  1.15789474]
[ 0.5         1.15789474  1.34210526]
[ 1.34210526  0.5         1.15789474]
[ 1.34210526  1.15789474  0.5       ]
[ 1.15789474  0.5         1.34210526]
[ 1.15789474  1.34210526  0.5       ]
[ 0.5         1.28947368  1.21052632]
[ 0.5         1.21052632  1.28947368]
[ 1.28947368  0.5         1.21052632]
[ 1.28947368  1.21052632  0.5       ]
[ 1.21052632  0.5         1.28947368]
[ 1.21052632  1.28947368  0.5       ]
[ 0.5         1.23684211  1.26315789]
[ 0.5         1.26315789  1.23684211]
[ 1.23684211  0.5         1.26315789]
[ 1.23684211  1.26315789  0.5       ]
[ 1.26315789  0.5         1.23684211]
[ 1.26315789  1.23684211  0.5       ]
[ 0.5         1.18421053  1.31578947]
[ 0.5         1.31578947  1.18421053]
[ 1.18421053  0.5         1.31578947]
[ 1.18421053  1.31578947  0.5       ]
[ 1.31578947  0.5         1.18421053]
[ 1.31578947  1.18421053  0.5       ]
[ 0.5         1.13157895  1.36842105]
[ 0.5         1.36842105  1.13157895]
[ 1.13157895  0.5         1.36842105]
[ 1.13157895  1.36842105  0.5       ]
[ 1.36842105  0.5         1.13157895]
[ 1.36842105  1.13157895  0.5       ]
[ 0.5         1.07894737  1.42105263]
[ 0.5         1.42105263  1.07894737]
[ 1.07894737  0.5         1.42105263]
[ 1.07894737  1.42105263  0.5       ]
[ 1.42105263  0.5         1.07894737]
[ 1.42105263  1.07894737  0.5       ]
[ 0.5         1.02631579  1.47368421]
[ 0.5         1.47368421  1.02631579]
[ 1.02631579  0.5         1.47368421]
[ 1.02631579  1.47368421  0.5       ]
[ 1.47368421  0.5         1.02631579]
[ 1.47368421  1.02631579  0.5       ]
[ 0.5   1.45  1.05]
[ 0.5   1.05  1.45]
[ 1.45  0.5   1.05]
[ 1.45  1.05  0.5 ]
[ 1.05  0.5   1.45]
[ 1.05  1.45  0.5 ]
[ 0.5   1.35  1.15]
[ 0.5   1.15  1.35]
[ 1.35  0.5   1.15]
[ 1.35  1.15  0.5 ]
[ 1.15  0.5   1.35]
[ 1.15  1.35  0.5 ]
[ 0.5         1.45833333  1.04166667]
[ 0.5         1.04166667  1.45833333]
[ 1.45833333  0.5         1.04166667]
[ 1.45833333  1.04166667  0.5       ]
[ 1.04166667  0.5         1.45833333]
[ 1.04166667  1.45833333  0.5       ]
[ 0.5         1.29166667  1.20833333]
[ 0.5         1.20833333  1.29166667]
[ 1.29166667  0.5         1.20833333]
[ 1.29166667  1.20833333  0.5       ]
[ 1.20833333  0.5         1.29166667]
[ 1.20833333  1.29166667  0.5       ]
[ 0.5         1.46428571  1.03571429]
[ 0.5         1.03571429  1.46428571]
[ 1.46428571  0.5         1.03571429]
[ 1.46428571  1.03571429  0.5       ]
[ 1.03571429  0.5         1.46428571]
[ 1.03571429  1.46428571  0.5       ]
[ 0.5         1.39285714  1.10714286]
[ 0.5         1.10714286  1.39285714]
[ 1.39285714  0.5         1.10714286]
[ 1.39285714  1.10714286  0.5       ]
[ 1.10714286  0.5         1.39285714]
[ 1.10714286  1.39285714  0.5       ]
[ 0.5         1.32142857  1.17857143]
[ 0.5         1.17857143  1.32142857]
[ 1.32142857  0.5         1.17857143]
[ 1.32142857  1.17857143  0.5       ]
[ 1.17857143  0.5         1.32142857]
[ 1.17857143  1.32142857  0.5       ]
[ 0.5      1.46875  1.03125]
[ 0.5      1.03125  1.46875]
[ 1.46875  0.5      1.03125]
[ 1.46875  1.03125  0.5    ]
[ 1.03125  0.5      1.46875]
[ 1.03125  1.46875  0.5    ]
[ 0.5      1.40625  1.09375]
[ 0.5      1.09375  1.40625]
[ 1.40625  0.5      1.09375]
[ 1.40625  1.09375  0.5    ]
[ 1.09375  0.5      1.40625]
[ 1.09375  1.40625  0.5    ]
[ 0.5      1.34375  1.15625]
[ 0.5      1.15625  1.34375]
[ 1.34375  0.5      1.15625]
[ 1.34375  1.15625  0.5    ]
[ 1.15625  0.5      1.34375]
[ 1.15625  1.34375  0.5    ]
[ 0.5      1.28125  1.21875]
[ 0.5      1.21875  1.28125]
[ 1.28125  0.5      1.21875]
[ 1.28125  1.21875  0.5    ]
[ 1.21875  0.5      1.28125]
[ 1.21875  1.28125  0.5    ]
[ 0.5         1.47222222  1.02777778]
[ 0.5         1.02777778  1.47222222]
[ 1.47222222  0.5         1.02777778]
[ 1.47222222  1.02777778  0.5       ]
[ 1.02777778  0.5         1.47222222]
[ 1.02777778  1.47222222  0.5       ]
[ 0.5         1.36111111  1.13888889]
[ 0.5         1.13888889  1.36111111]
[ 1.36111111  0.5         1.13888889]
[ 1.36111111  1.13888889  0.5       ]
[ 1.13888889  0.5         1.36111111]
[ 1.13888889  1.36111111  0.5       ]
[ 0.5         1.30555556  1.19444444]
[ 0.5         1.19444444  1.30555556]
[ 1.30555556  0.5         1.19444444]
[ 1.30555556  1.19444444  0.5       ]
[ 1.19444444  0.5         1.30555556]
[ 1.19444444  1.30555556  0.5       ]
[ 0.5    1.475  1.025]
[ 0.5    1.025  1.475]
[ 1.475  0.5    1.025]
[ 1.475  1.025  0.5  ]
[ 1.025  0.5    1.475]
[ 1.025  1.475  0.5  ]
[ 0.5    1.425  1.075]
[ 0.5    1.075  1.425]
[ 1.425  0.5    1.075]
[ 1.425  1.075  0.5  ]
[ 1.075  0.5    1.425]
[ 1.075  1.425  0.5  ]
[ 0.5    1.325  1.175]
[ 0.5    1.175  1.325]
[ 1.325  0.5    1.175]
[ 1.325  1.175  0.5  ]
[ 1.175  0.5    1.325]
[ 1.175  1.325  0.5  ]
[ 0.5    1.275  1.225]
[ 0.5    1.225  1.275]
[ 1.275  0.5    1.225]
[ 1.275  1.225  0.5  ]
[ 1.225  0.5    1.275]
[ 1.225  1.275  0.5  ]
[ 0.83333333  0.66666667  1.16666667]
[ 0.83333333  1.16666667  0.66666667]
[ 0.66666667  0.83333333  1.16666667]
[ 0.66666667  1.16666667  0.83333333]
[ 1.16666667  0.83333333  0.66666667]
[ 1.16666667  0.66666667  0.83333333]
[ 0.85208333  1.21875     0.63333333]
[ 0.85208333  0.63333333  1.21875   ]
[ 1.21875     0.85208333  0.63333333]
[ 1.21875     0.63333333  0.85208333]
[ 0.63333333  0.85208333  1.21875   ]
[ 0.63333333  1.21875     0.85208333]
[ 0.82813583  0.67948718  1.14864865]
[ 0.82813583  1.14864865  0.67948718]
[ 0.67948718  0.82813583  1.14864865]
[ 0.67948718  1.14864865  0.82813583]
[ 1.14864865  0.82813583  0.67948718]
[ 1.14864865  0.67948718  0.82813583]
[ 1.          1.          0.66666667]
[ 1.          0.66666667  1.        ]
[ 0.66666667  1.          1.        ]
[ 1.00815217  1.02898551  0.64583333]
[ 1.00815217  0.64583333  1.02898551]
[ 1.02898551  1.00815217  0.64583333]
[ 1.02898551  0.64583333  1.00815217]
[ 0.64583333  1.00815217  1.02898551]
[ 0.64583333  1.02898551  1.00815217]
[ 0.99480249  0.98198198  0.67948718]
[ 0.99480249  0.67948718  0.98198198]
[ 0.98198198  0.99480249  0.67948718]
[ 0.98198198  0.67948718  0.99480249]
[ 0.67948718  0.99480249  0.98198198]
[ 0.67948718  0.98198198  0.99480249]
[ 0.66666667  1.08333333  0.91666667]
[ 0.66666667  0.91666667  1.08333333]
[ 1.08333333  0.66666667  0.91666667]
[ 1.08333333  0.91666667  0.66666667]
[ 0.91666667  0.66666667  1.08333333]
[ 0.91666667  1.08333333  0.66666667]
[ 0.66666667  1.13333333  0.86666667]
[ 0.66666667  0.86666667  1.13333333]
[ 1.13333333  0.66666667  0.86666667]
[ 1.13333333  0.86666667  0.66666667]
[ 0.86666667  0.66666667  1.13333333]
[ 0.86666667  1.13333333  0.66666667]
[ 0.66666667  0.93333333  1.06666667]
[ 0.66666667  1.06666667  0.93333333]
[ 0.93333333  0.66666667  1.06666667]
[ 0.93333333  1.06666667  0.66666667]
[ 1.06666667  0.66666667  0.93333333]
[ 1.06666667  0.93333333  0.66666667]
[ 0.66666667  1.04761905  0.95238095]
[ 0.66666667  0.95238095  1.04761905]
[ 1.04761905  0.66666667  0.95238095]
[ 1.04761905  0.95238095  0.66666667]
[ 0.95238095  0.66666667  1.04761905]
[ 0.95238095  1.04761905  0.66666667]
[ 0.66666667  0.9047619   1.0952381 ]
[ 0.66666667  1.0952381   0.9047619 ]
[ 0.9047619   0.66666667  1.0952381 ]
[ 0.9047619   1.0952381   0.66666667]
[ 1.0952381   0.66666667  0.9047619 ]
[ 1.0952381   0.9047619   0.66666667]
[ 0.66666667  0.95833333  1.04166667]
[ 0.66666667  1.04166667  0.95833333]
[ 0.95833333  0.66666667  1.04166667]
[ 0.95833333  1.04166667  0.66666667]
[ 1.04166667  0.66666667  0.95833333]
[ 1.04166667  0.95833333  0.66666667]
[ 0.66666667  1.11111111  0.88888889]
[ 0.66666667  0.88888889  1.11111111]
[ 1.11111111  0.66666667  0.88888889]
[ 1.11111111  0.88888889  0.66666667]
[ 0.88888889  0.66666667  1.11111111]
[ 0.88888889  1.11111111  0.66666667]
[ 0.66666667  1.03333333  0.96666667]
[ 0.66666667  0.96666667  1.03333333]
[ 1.03333333  0.66666667  0.96666667]
[ 1.03333333  0.96666667  0.66666667]
[ 0.96666667  0.66666667  1.03333333]
[ 0.96666667  1.03333333  0.66666667]
[ 0.66666667  1.15151515  0.84848485]
[ 0.66666667  0.84848485  1.15151515]
[ 1.15151515  0.66666667  0.84848485]
[ 1.15151515  0.84848485  0.66666667]
[ 0.84848485  0.66666667  1.15151515]
[ 0.84848485  1.15151515  0.66666667]
[ 0.66666667  1.06060606  0.93939394]
[ 0.66666667  0.93939394  1.06060606]
[ 1.06060606  0.66666667  0.93939394]
[ 1.06060606  0.93939394  0.66666667]
[ 0.93939394  0.66666667  1.06060606]
[ 0.93939394  1.06060606  0.66666667]
[ 0.66666667  0.96969697  1.03030303]
[ 0.66666667  1.03030303  0.96969697]
[ 0.96969697  0.66666667  1.03030303]
[ 0.96969697  1.03030303  0.66666667]
[ 1.03030303  0.66666667  0.96969697]
[ 1.03030303  0.96969697  0.66666667]
[ 0.66666667  0.87878788  1.12121212]
[ 0.66666667  1.12121212  0.87878788]
[ 0.87878788  0.66666667  1.12121212]
[ 0.87878788  1.12121212  0.66666667]
[ 1.12121212  0.66666667  0.87878788]
[ 1.12121212  0.87878788  0.66666667]
[ 0.66666667  1.17948718  0.82051282]
[ 0.66666667  0.82051282  1.17948718]
[ 1.17948718  0.66666667  0.82051282]
[ 1.17948718  0.82051282  0.66666667]
[ 0.82051282  0.66666667  1.17948718]
[ 0.82051282  1.17948718  0.66666667]
[ 0.66666667  1.1025641   0.8974359 ]
[ 0.66666667  0.8974359   1.1025641 ]
[ 1.1025641   0.66666667  0.8974359 ]
[ 1.1025641   0.8974359   0.66666667]
[ 0.8974359   0.66666667  1.1025641 ]
[ 0.8974359   1.1025641   0.66666667]
[ 0.66666667  1.02564103  0.97435897]
[ 0.66666667  0.97435897  1.02564103]
[ 1.02564103  0.66666667  0.97435897]
[ 1.02564103  0.97435897  0.66666667]
[ 0.97435897  0.66666667  1.02564103]
[ 0.97435897  1.02564103  0.66666667]
[ 0.66666667  0.94871795  1.05128205]
[ 0.66666667  1.05128205  0.94871795]
[ 0.94871795  0.66666667  1.05128205]
[ 0.94871795  1.05128205  0.66666667]
[ 1.05128205  0.66666667  0.94871795]
[ 1.05128205  0.94871795  0.66666667]
[ 0.66666667  0.87179487  1.12820513]
[ 0.66666667  1.12820513  0.87179487]
[ 0.87179487  0.66666667  1.12820513]
[ 0.87179487  1.12820513  0.66666667]
[ 1.12820513  0.66666667  0.87179487]
[ 1.12820513  0.87179487  0.66666667]
[ 0.77555556  1.38666667  0.72222222]
[ 0.77555556  0.72222222  1.38666667]
[ 1.38666667  0.77555556  0.72222222]
[ 1.38666667  0.72222222  0.77555556]
[ 0.72222222  0.77555556  1.38666667]
[ 0.72222222  1.38666667  0.77555556]
[ 0.66666667  1.05555556  0.94444444]
[ 0.66666667  0.94444444  1.05555556]
[ 1.05555556  0.66666667  0.94444444]
[ 1.05555556  0.94444444  0.66666667]
[ 0.94444444  0.66666667  1.05555556]
[ 0.94444444  1.05555556  0.66666667]
[ 0.66666667  1.14285714  0.85714286]
[ 0.66666667  0.85714286  1.14285714]
[ 1.14285714  0.66666667  0.85714286]
[ 1.14285714  0.85714286  0.66666667]
[ 0.85714286  0.66666667  1.14285714]
[ 0.85714286  1.14285714  0.66666667]
[ 0.66666667  1.125       0.875     ]
[ 0.66666667  0.875       1.125     ]
[ 1.125       0.66666667  0.875     ]
[ 1.125       0.875       0.66666667]
[ 0.875       0.66666667  1.125     ]
[ 0.875       1.125       0.66666667]
[ 0.66666667  1.18518519  0.81481481]
[ 0.66666667  0.81481481  1.18518519]
[ 1.18518519  0.66666667  0.81481481]
[ 1.18518519  0.81481481  0.66666667]
[ 0.81481481  0.66666667  1.18518519]
[ 0.81481481  1.18518519  0.66666667]
[ 0.66666667  1.14814815  0.85185185]
[ 0.66666667  0.85185185  1.14814815]
[ 1.14814815  0.66666667  0.85185185]
[ 1.14814815  0.85185185  0.66666667]
[ 0.85185185  0.66666667  1.14814815]
[ 0.85185185  1.14814815  0.66666667]
[ 0.66666667  1.07407407  0.92592593]
[ 0.66666667  0.92592593  1.07407407]
[ 1.07407407  0.66666667  0.92592593]
[ 1.07407407  0.92592593  0.66666667]
[ 0.92592593  0.66666667  1.07407407]
[ 0.92592593  1.07407407  0.66666667]
[ 0.66666667  1.03703704  0.96296296]
[ 0.66666667  0.96296296  1.03703704]
[ 1.03703704  0.66666667  0.96296296]
[ 1.03703704  0.96296296  0.66666667]
[ 0.96296296  0.66666667  1.03703704]
[ 0.96296296  1.03703704  0.66666667]
[ 0.66666667  1.1         0.9       ]
[ 0.66666667  0.9         1.1       ]
[ 1.1         0.66666667  0.9       ]
[ 1.1         0.9         0.66666667]
[ 0.9         0.66666667  1.1       ]
[ 0.9         1.1         0.66666667]
[ 0.66666667  1.18181818  0.81818182]
[ 0.66666667  0.81818182  1.18181818]
[ 1.18181818  0.66666667  0.81818182]
[ 1.18181818  0.81818182  0.66666667]
[ 0.81818182  0.66666667  1.18181818]
[ 0.81818182  1.18181818  0.66666667]
[ 0.66666667  1.09090909  0.90909091]
[ 0.66666667  0.90909091  1.09090909]
[ 1.09090909  0.66666667  0.90909091]
[ 1.09090909  0.90909091  0.66666667]
[ 0.90909091  0.66666667  1.09090909]
[ 0.90909091  1.09090909  0.66666667]
[ 0.66666667  1.13888889  0.86111111]
[ 0.66666667  0.86111111  1.13888889]
[ 1.13888889  0.66666667  0.86111111]
[ 1.13888889  0.86111111  0.66666667]
[ 0.86111111  0.66666667  1.13888889]
[ 0.86111111  1.13888889  0.66666667]
[ 0.66666667  1.02777778  0.97222222]
[ 0.66666667  0.97222222  1.02777778]
[ 1.02777778  0.66666667  0.97222222]
[ 1.02777778  0.97222222  0.66666667]
[ 0.97222222  0.66666667  1.02777778]
[ 0.97222222  1.02777778  0.66666667]
[ 0.66666667  1.15384615  0.84615385]
[ 0.66666667  0.84615385  1.15384615]
[ 1.15384615  0.66666667  0.84615385]
[ 1.15384615  0.84615385  0.66666667]
[ 0.84615385  0.66666667  1.15384615]
[ 0.84615385  1.15384615  0.66666667]
[ 0.66666667  1.07692308  0.92307692]
[ 0.66666667  0.92307692  1.07692308]
[ 1.07692308  0.66666667  0.92307692]
[ 1.07692308  0.92307692  0.66666667]
[ 0.92307692  0.66666667  1.07692308]
[ 0.92307692  1.07692308  0.66666667]
[ 1.03896104  0.76515152  0.77380952]
[ 1.03896104  0.77380952  0.76515152]
[ 0.76515152  1.03896104  0.77380952]
[ 0.76515152  0.77380952  1.03896104]
[ 0.77380952  1.03896104  0.76515152]
[ 0.77380952  0.76515152  1.03896104]
[ 0.60611205  1.04032258  1.06578947]
[ 0.60611205  1.06578947  1.04032258]
[ 1.04032258  0.60611205  1.06578947]
[ 1.04032258  1.06578947  0.60611205]
[ 1.06578947  0.60611205  1.04032258]
[ 1.06578947  1.04032258  0.60611205]
[ 1.2   1.04  0.56]
[ 1.2   0.56  1.04]
[ 1.04  1.2   0.56]
[ 1.04  0.56  1.2 ]
[ 0.56  1.2   1.04]
[ 0.56  1.04  1.2 ]
[ 1.1437037  0.9037037  0.64     ]
[ 1.1437037  0.64       0.9037037]
[ 0.9037037  1.1437037  0.64     ]
[ 0.9037037  0.64       1.1437037]
[ 0.64       1.1437037  0.9037037]
[ 0.64       0.9037037  1.1437037]
[ 1.    1.24  0.56]
[ 1.    0.56  1.24]
[ 1.24  1.    0.56]
[ 1.24  0.56  1.  ]
[ 0.56  1.    1.24]
[ 0.56  1.24  1.  ]
[ 0.9437037  1.1037037  0.64     ]
[ 0.9437037  0.64       1.1037037]
[ 1.1037037  0.9437037  0.64     ]
[ 1.1037037  0.64       0.9437037]
[ 0.64       0.9437037  1.1037037]
[ 0.64       1.1037037  0.9437037]
[ 0.88571429  0.91428571  0.77142857]
[ 0.88571429  0.77142857  0.91428571]
[ 0.91428571  0.88571429  0.77142857]
[ 0.91428571  0.77142857  0.88571429]
[ 0.77142857  0.88571429  0.91428571]
[ 0.77142857  0.91428571  0.88571429]
[ 0.71355499  1.07826087  0.83529412]
[ 0.71355499  0.83529412  1.07826087]
[ 1.07826087  0.71355499  0.83529412]
[ 1.07826087  0.83529412  0.71355499]
[ 0.83529412  0.71355499  1.07826087]
[ 0.83529412  1.07826087  0.71355499]
[ 0.71354839  0.79354839  1.12      ]
[ 0.71354839  1.12        0.79354839]
[ 0.79354839  0.71354839  1.12      ]
[ 0.79354839  1.12        0.71354839]
[ 1.12        0.71354839  0.79354839]
[ 1.12        0.79354839  0.71354839]
[ 0.71355311  0.85641026  1.05714286]
[ 0.71355311  1.05714286  0.85641026]
[ 0.85641026  0.71355311  1.05714286]
[ 0.85641026  1.05714286  0.71355311]
[ 1.05714286  0.71355311  0.85641026]
[ 1.05714286  0.85641026  0.71355311]
[ 1.16146916  0.67948718  0.81531532]
[ 1.16146916  0.81531532  0.67948718]
[ 0.67948718  1.16146916  0.81531532]
[ 0.67948718  0.81531532  1.16146916]
[ 0.81531532  1.16146916  0.67948718]
[ 0.81531532  0.67948718  1.16146916]
[ 1.19724138  0.66009852  0.82285714]
[ 1.19724138  0.82285714  0.66009852]
[ 0.66009852  1.19724138  0.82285714]
[ 0.66009852  0.82285714  1.19724138]
[ 0.82285714  1.19724138  0.66009852]
[ 0.82285714  0.66009852  1.19724138]
[ 1.21879699  0.59022556  0.91428571]
[ 1.21879699  0.91428571  0.59022556]
[ 0.59022556  1.21879699  0.91428571]
[ 0.59022556  0.91428571  1.21879699]
[ 0.91428571  1.21879699  0.59022556]
[ 0.91428571  0.59022556  1.21879699]
[ 1.          0.8         0.77142857]
[ 1.          0.77142857  0.8       ]
[ 0.8         1.          0.77142857]
[ 0.8         0.77142857  1.        ]
[ 0.77142857  1.          0.8       ]
[ 0.77142857  0.8         1.        ]
[ 0.85714286  0.94285714  0.77142857]
[ 0.85714286  0.77142857  0.94285714]
[ 0.94285714  0.85714286  0.77142857]
[ 0.94285714  0.77142857  0.85714286]
[ 0.77142857  0.85714286  0.94285714]
[ 0.77142857  0.94285714  0.85714286]
[ 0.63230769  0.90659341  1.15428571]
[ 0.63230769  1.15428571  0.90659341]
[ 0.90659341  0.63230769  1.15428571]
[ 0.90659341  1.15428571  0.63230769]
[ 1.15428571  0.63230769  0.90659341]
[ 1.15428571  0.90659341  0.63230769]
[ 0.61605938  1.44688645  0.88345865]
[ 0.61605938  0.88345865  1.44688645]
[ 1.44688645  0.61605938  0.88345865]
[ 1.44688645  0.88345865  0.61605938]
[ 0.88345865  0.61605938  1.44688645]
[ 0.88345865  1.44688645  0.61605938]
[ 1.23737374  0.80681818  0.68055556]
[ 1.23737374  0.68055556  0.80681818]
[ 0.80681818  1.23737374  0.68055556]
[ 0.80681818  0.68055556  1.23737374]
[ 0.68055556  1.23737374  0.80681818]
[ 0.68055556  0.80681818  1.23737374]
[ 1.23737374  0.64015152  0.84722222]
[ 1.23737374  0.84722222  0.64015152]
[ 0.64015152  1.23737374  0.84722222]
[ 0.64015152  0.84722222  1.23737374]
[ 0.84722222  1.23737374  0.64015152]
[ 0.84722222  0.64015152  1.23737374]
[ 0.93573668  0.71982759  0.96590909]
[ 0.93573668  0.96590909  0.71982759]
[ 0.71982759  0.93573668  0.96590909]
[ 0.71982759  0.96590909  0.93573668]
[ 0.96590909  0.93573668  0.71982759]
[ 0.96590909  0.71982759  0.93573668]
[ 0.72708333  1.21875     0.75833333]
[ 0.72708333  0.75833333  1.21875   ]
[ 1.21875     0.72708333  0.75833333]
[ 1.21875     0.75833333  0.72708333]
[ 0.75833333  0.72708333  1.21875   ]
[ 0.75833333  1.21875     0.72708333]
[ 0.89128205  0.60683761  1.39555556]
[ 0.89128205  1.39555556  0.60683761]
[ 0.60683761  0.89128205  1.39555556]
[ 0.60683761  1.39555556  0.89128205]
[ 1.39555556  0.89128205  0.60683761]
[ 1.39555556  0.60683761  0.89128205]
[ 0.77777778  1.18518519  0.7037037 ]
[ 0.77777778  0.7037037   1.18518519]
[ 1.18518519  0.77777778  0.7037037 ]
[ 1.18518519  0.7037037   0.77777778]
[ 0.7037037   0.77777778  1.18518519]
[ 0.7037037   1.18518519  0.77777778]
[ 0.5425641   0.99145299  1.32888889]
[ 0.5425641   1.32888889  0.99145299]
[ 0.99145299  0.5425641   1.32888889]
[ 0.99145299  1.32888889  0.5425641 ]
[ 1.32888889  0.5425641   0.99145299]
[ 1.32888889  0.99145299  0.5425641 ]
[ 1.05920206  0.5972973   1.06190476]
[ 1.05920206  1.06190476  0.5972973 ]
[ 0.5972973   1.05920206  1.06190476]
[ 0.5972973   1.06190476  1.05920206]
[ 1.06190476  1.05920206  0.5972973 ]
[ 1.06190476  0.5972973   1.05920206]
[ 0.84881757  1.02211302  0.73579545]
[ 0.84881757  0.73579545  1.02211302]
[ 1.02211302  0.84881757  0.73579545]
[ 1.02211302  0.73579545  0.84881757]
[ 0.73579545  0.84881757  1.02211302]
[ 0.73579545  1.02211302  0.84881757]
[ 0.75072464  0.76284585  1.07878788]
[ 0.75072464  1.07878788  0.76284585]
[ 0.76284585  0.75072464  1.07878788]
[ 0.76284585  1.07878788  0.75072464]
[ 1.07878788  0.75072464  0.76284585]
[ 1.07878788  0.76284585  0.75072464]
[ 0.76616379  1.13920455  0.71786834]
[ 0.76616379  0.71786834  1.13920455]
[ 1.13920455  0.76616379  0.71786834]
[ 1.13920455  0.71786834  0.76616379]
[ 0.71786834  0.76616379  1.13920455]
[ 0.71786834  1.13920455  0.76616379]
[ 0.62282609  1.00227273  1.07509881]
[ 0.62282609  1.07509881  1.00227273]
[ 1.00227273  0.62282609  1.07509881]
[ 1.00227273  1.07509881  0.62282609]
[ 1.07509881  0.62282609  1.00227273]
[ 1.07509881  1.00227273  0.62282609]
[ 0.53511706  1.21343874  1.13986014]
[ 0.53511706  1.13986014  1.21343874]
[ 1.21343874  0.53511706  1.13986014]
[ 1.21343874  1.13986014  0.53511706]
[ 1.13986014  0.53511706  1.21343874]
[ 1.13986014  1.21343874  0.53511706]
[ 0.53512133  1.18495298  1.16835017]
[ 0.53512133  1.16835017  1.18495298]
[ 1.18495298  0.53512133  1.16835017]
[ 1.18495298  1.16835017  0.53512133]
[ 1.16835017  0.53512133  1.18495298]
[ 1.16835017  1.18495298  0.53512133]
[ 1.39243243  0.51576577  1.04333333]
[ 1.39243243  1.04333333  0.51576577]
[ 0.51576577  1.39243243  1.04333333]
[ 0.51576577  1.04333333  1.39243243]
[ 1.04333333  1.39243243  0.51576577]
[ 1.04333333  0.51576577  1.39243243]
[ 0.83333333  0.83333333  0.83333333]
[ 0.86050567  0.63738739  1.38978495]
[ 0.86050567  1.38978495  0.63738739]
[ 0.63738739  0.86050567  1.38978495]
[ 0.63738739  1.38978495  0.86050567]
[ 1.38978495  0.86050567  0.63738739]
[ 1.38978495  0.63738739  0.86050567]
[ 1.17211949  0.69438669  0.7854251 ]
[ 1.17211949  0.7854251   0.69438669]
[ 0.69438669  1.17211949  0.7854251 ]
[ 0.69438669  0.7854251   1.17211949]
[ 0.7854251   1.17211949  0.69438669]
[ 0.7854251   0.69438669  1.17211949]
[ 1.20320197  0.54111406  1.12362637]
[ 1.20320197  1.12362637  0.54111406]
[ 0.54111406  1.20320197  1.12362637]
[ 0.54111406  1.12362637  1.20320197]
[ 1.12362637  1.20320197  0.54111406]
[ 1.12362637  0.54111406  1.20320197]
[ 0.88909091  0.86461538  0.79370629]
[ 0.88909091  0.79370629  0.86461538]
[ 0.86461538  0.88909091  0.79370629]
[ 0.86461538  0.79370629  0.88909091]
[ 0.79370629  0.88909091  0.86461538]
[ 0.79370629  0.86461538  0.88909091]
[ 0.94572368  0.67408907  1.04086538]
[ 0.94572368  1.04086538  0.67408907]
[ 0.67408907  0.94572368  1.04086538]
[ 0.67408907  1.04086538  0.94572368]
[ 1.04086538  0.94572368  0.67408907]
[ 1.04086538  0.67408907  0.94572368]
[ 0.75540541  0.94386694  0.88846154]
[ 0.75540541  0.88846154  0.94386694]
[ 0.94386694  0.75540541  0.88846154]
[ 0.94386694  0.88846154  0.75540541]
[ 0.88846154  0.75540541  0.94386694]
[ 0.88846154  0.94386694  0.75540541]
[ 0.84929757  0.64986737  1.43019943]
[ 0.84929757  1.43019943  0.64986737]
[ 0.64986737  0.84929757  1.43019943]
[ 0.64986737  1.43019943  0.84929757]
[ 1.43019943  0.84929757  0.64986737]
[ 1.43019943  0.64986737  0.84929757]
[ 0.76819127  1.42203742  0.73076923]
[ 0.76819127  0.73076923  1.42203742]
[ 1.42203742  0.76819127  0.73076923]
[ 1.42203742  0.73076923  0.76819127]
[ 0.73076923  0.76819127  1.42203742]
[ 0.73076923  1.42203742  0.76819127]
[ 0.62857143  0.86446886  1.3025641 ]
[ 0.62857143  1.3025641   0.86446886]
[ 0.86446886  0.62857143  1.3025641 ]
[ 0.86446886  1.3025641   0.62857143]
[ 1.3025641   0.62857143  0.86446886]
[ 1.3025641   0.86446886  0.62857143]
[ 0.63662239  0.85746606  1.31761787]
[ 0.63662239  1.31761787  0.85746606]
[ 0.85746606  0.63662239  1.31761787]
[ 0.85746606  1.31761787  0.63662239]
[ 1.31761787  0.63662239  0.85746606]
[ 1.31761787  0.85746606  0.63662239]
[ 0.55012531  0.94939271  1.44688645]
[ 0.55012531  1.44688645  0.94939271]
[ 0.94939271  0.55012531  1.44688645]
[ 0.94939271  1.44688645  0.55012531]
[ 1.44688645  0.55012531  0.94939271]
[ 1.44688645  0.94939271  0.55012531]
[ 1.35337243  0.65207373  0.84415584]
[ 1.35337243  0.84415584  0.65207373]
[ 0.65207373  1.35337243  0.84415584]
[ 0.65207373  0.84415584  1.35337243]
[ 0.84415584  1.35337243  0.65207373]
[ 0.84415584  0.65207373  1.35337243]
[ 1.11161388  0.85531136  0.68487395]
[ 1.11161388  0.68487395  0.85531136]
[ 0.85531136  1.11161388  0.68487395]
[ 0.85531136  0.68487395  1.11161388]
[ 0.68487395  1.11161388  0.85531136]
[ 0.68487395  0.85531136  1.11161388]
[ 1.01185345  0.57589286  1.15024631]
[ 1.01185345  1.15024631  0.57589286]
[ 0.57589286  1.01185345  1.15024631]
[ 0.57589286  1.15024631  1.01185345]
[ 1.15024631  1.01185345  0.57589286]
[ 1.15024631  0.57589286  1.01185345]
[ 1.21875     0.78958333  0.69583333]
[ 1.21875     0.69583333  0.78958333]
[ 0.78958333  1.21875     0.69583333]
[ 0.78958333  0.69583333  1.21875   ]
[ 0.69583333  1.21875     0.78958333]
[ 0.69583333  0.78958333  1.21875   ]
[ 1.21875     0.66458333  0.82083333]
[ 1.21875     0.82083333  0.66458333]
[ 0.66458333  1.21875     0.82083333]
[ 0.66458333  0.82083333  1.21875   ]
[ 0.82083333  1.21875     0.66458333]
[ 0.82083333  0.66458333  1.21875   ]
[ 1.06414474  0.9245614   0.67291667]
[ 1.06414474  0.67291667  0.9245614 ]
[ 0.9245614   1.06414474  0.67291667]
[ 0.9245614   0.67291667  1.06414474]
[ 0.67291667  1.06414474  0.9245614 ]
[ 0.67291667  0.9245614   1.06414474]
[ 1.21824324  1.24166667  0.50990991]
[ 1.21824324  0.50990991  1.24166667]
[ 1.24166667  1.21824324  0.50990991]
[ 1.24166667  0.50990991  1.21824324]
[ 0.50990991  1.21824324  1.24166667]
[ 0.50990991  1.24166667  1.21824324]
[ 0.86922406  1.14234234  0.66021505]
[ 0.86922406  0.66021505  1.14234234]
[ 1.14234234  0.86922406  0.66021505]
[ 1.14234234  0.66021505  0.86922406]
[ 0.66021505  0.86922406  1.14234234]
[ 0.66021505  1.14234234  0.86922406]
[ 0.8485064   1.07192982  0.70990991]
[ 0.8485064   0.70990991  1.07192982]
[ 1.07192982  0.8485064   0.70990991]
[ 1.07192982  0.70990991  0.8485064 ]
[ 0.70990991  0.8485064   1.07192982]
[ 0.70990991  1.07192982  0.8485064 ]
[ 0.61837838  1.11171171  0.97333333]
[ 0.61837838  0.97333333  1.11171171]
[ 1.11171171  0.61837838  0.97333333]
[ 1.11171171  0.97333333  0.61837838]
[ 0.97333333  0.61837838  1.11171171]
[ 0.97333333  1.11171171  0.61837838]
[ 0.55059524  1.1047619   1.17916667]
[ 0.55059524  1.17916667  1.1047619 ]
[ 1.1047619   0.55059524  1.17916667]
[ 1.1047619   1.17916667  0.55059524]
[ 1.17916667  0.55059524  1.1047619 ]
[ 1.17916667  1.1047619   0.55059524]
[ 0.57555556  1.38666667  0.92222222]
[ 0.57555556  0.92222222  1.38666667]
[ 1.38666667  0.57555556  0.92222222]
[ 1.38666667  0.92222222  0.57555556]
[ 0.92222222  0.57555556  1.38666667]
[ 0.92222222  1.38666667  0.57555556]
[ 1.11948791  0.72804054  0.76644737]
[ 1.11948791  0.76644737  0.72804054]
[ 0.72804054  1.11948791  0.76644737]
[ 0.72804054  0.76644737  1.11948791]
[ 0.76644737  1.11948791  0.72804054]
[ 0.76644737  0.72804054  1.11948791]
[ 1.15398551  0.64583333  0.88315217]
[ 1.15398551  0.88315217  0.64583333]
[ 0.64583333  1.15398551  0.88315217]
[ 0.64583333  0.88315217  1.15398551]
[ 0.88315217  1.15398551  0.64583333]
[ 0.88315217  0.64583333  1.15398551]
[ 1.06481481  1.11805556  0.57175926]
[ 1.06481481  0.57175926  1.11805556]
[ 1.11805556  1.06481481  0.57175926]
[ 1.11805556  0.57175926  1.06481481]
[ 0.57175926  1.06481481  1.11805556]
[ 0.57175926  1.11805556  1.06481481]
[ 0.90398551  0.64583333  1.13315217]
[ 0.90398551  1.13315217  0.64583333]
[ 0.64583333  0.90398551  1.13315217]
[ 0.64583333  1.13315217  0.90398551]
[ 1.13315217  0.90398551  0.64583333]
[ 1.13315217  0.64583333  0.90398551]
[ 0.73923445  0.88068182  0.98355263]
[ 0.73923445  0.98355263  0.88068182]
[ 0.88068182  0.73923445  0.98355263]
[ 0.88068182  0.98355263  0.73923445]
[ 0.98355263  0.73923445  0.88068182]
[ 0.98355263  0.88068182  0.73923445]
[ 0.89460784  1.41544118  0.60416667]
[ 0.89460784  0.60416667  1.41544118]
[ 1.41544118  0.89460784  0.60416667]
[ 1.41544118  0.60416667  0.89460784]
[ 0.60416667  0.89460784  1.41544118]
[ 0.60416667  1.41544118  0.89460784]
[ 1.253663    0.83559578  0.65336134]
[ 1.253663    0.65336134  0.83559578]
[ 0.83559578  1.253663    0.65336134]
[ 0.83559578  0.65336134  1.253663  ]
[ 0.65336134  1.253663    0.83559578]
[ 0.65336134  0.83559578  1.253663  ]
[ 1.05913043  0.61411765  1.03324808]
[ 1.05913043  1.03324808  0.61411765]
[ 0.61411765  1.05913043  1.03324808]
[ 0.61411765  1.03324808  1.05913043]
[ 1.03324808  1.05913043  0.61411765]
[ 1.03324808  0.61411765  1.05913043]
[ 1.01287879  0.57794118  1.14081996]
[ 1.01287879  1.14081996  0.57794118]
[ 0.57794118  1.01287879  1.14081996]
[ 0.57794118  1.14081996  1.01287879]
[ 1.14081996  1.01287879  0.57794118]
[ 1.14081996  0.57794118  1.01287879]
[ 0.80484848  0.95543672  0.79058824]
[ 0.80484848  0.79058824  0.95543672]
[ 0.95543672  0.80484848  0.79058824]
[ 0.95543672  0.79058824  0.80484848]
[ 0.79058824  0.80484848  0.95543672]
[ 0.79058824  0.95543672  0.80484848]
[ 0.84926108  0.69915966  1.09127789]
[ 0.84926108  1.09127789  0.69915966]
[ 0.69915966  0.84926108  1.09127789]
[ 0.69915966  1.09127789  0.84926108]
[ 1.09127789  0.84926108  0.69915966]
[ 1.09127789  0.69915966  0.84926108]
[ 0.76142857  0.85084034  0.96941176]
[ 0.76142857  0.96941176  0.85084034]
[ 0.85084034  0.76142857  0.96941176]
[ 0.85084034  0.96941176  0.76142857]
[ 0.96941176  0.76142857  0.85084034]
[ 0.96941176  0.85084034  0.76142857]
[ 0.84848485  1.37611408  0.64884135]
[ 0.84848485  0.64884135  1.37611408]
[ 1.37611408  0.84848485  0.64884135]
[ 1.37611408  0.64884135  0.84848485]
[ 0.64884135  0.84848485  1.37611408]
[ 0.64884135  1.37611408  0.84848485]
[ 0.5230179   1.02941176  1.37595908]
[ 0.5230179   1.37595908  1.02941176]
[ 1.02941176  0.5230179   1.37595908]
[ 1.02941176  1.37595908  0.5230179 ]
[ 1.37595908  0.5230179   1.02941176]
[ 1.37595908  1.02941176  0.5230179 ]
[ 1.01203008  0.76349206  0.80409357]
[ 1.01203008  0.80409357  0.76349206]
[ 0.76349206  1.01203008  0.80409357]
[ 0.76349206  0.80409357  1.01203008]
[ 0.80409357  1.01203008  0.76349206]
[ 0.80409357  0.76349206  1.01203008]
[ 0.8764977   0.84603175  0.80824373]
[ 0.8764977   0.80824373  0.84603175]
[ 0.84603175  0.8764977   0.80824373]
[ 0.84603175  0.80824373  0.8764977 ]
[ 0.80824373  0.8764977   0.84603175]
[ 0.80824373  0.84603175  0.8764977 ]
[ 0.62651515  1.19722222  0.87373737]
[ 0.62651515  0.87373737  1.19722222]
[ 1.19722222  0.62651515  0.87373737]
[ 1.19722222  0.87373737  0.62651515]
[ 0.87373737  0.62651515  1.19722222]
[ 0.87373737  1.19722222  0.62651515]
[ 1.09919355  0.58815789  1.03735144]
[ 1.09919355  1.03735144  0.58815789]
[ 0.58815789  1.09919355  1.03735144]
[ 0.58815789  1.03735144  1.09919355]
[ 1.03735144  1.09919355  0.58815789]
[ 1.03735144  0.58815789  1.09919355]
[ 1.13167702  1.23007519  0.53318078]
[ 1.13167702  0.53318078  1.23007519]
[ 1.23007519  1.13167702  0.53318078]
[ 1.23007519  0.53318078  1.13167702]
[ 0.53318078  1.13167702  1.23007519]
[ 0.53318078  1.23007519  1.13167702]
[ 1.03310811  1.34605263  0.52916074]
[ 1.03310811  0.52916074  1.34605263]
[ 1.34605263  1.03310811  0.52916074]
[ 1.34605263  0.52916074  1.03310811]
[ 0.52916074  1.03310811  1.34605263]
[ 0.52916074  1.34605263  1.03310811]
[ 0.73894737  0.73894737  1.15789474]
[ 0.73894737  1.15789474  0.73894737]
[ 1.15789474  0.73894737  0.73894737]
[ 0.7280303   1.00394737  0.88197767]
[ 0.7280303   0.88197767  1.00394737]
[ 1.00394737  0.7280303   0.88197767]
[ 1.00394737  0.88197767  0.7280303 ]
[ 0.88197767  0.7280303   1.00394737]
[ 0.88197767  1.00394737  0.7280303 ]
[ 0.61580087  0.88835726  1.20112782]
[ 0.61580087  1.20112782  0.88835726]
[ 0.88835726  0.61580087  1.20112782]
[ 0.88835726  1.20112782  0.61580087]
[ 1.20112782  0.61580087  0.88835726]
[ 1.20112782  0.88835726  0.61580087]
[ 1.18095238  0.80714286  0.67380952]
[ 1.18095238  0.67380952  0.80714286]
[ 0.80714286  1.18095238  0.67380952]
[ 0.80714286  0.67380952  1.18095238]
[ 0.67380952  1.18095238  0.80714286]
[ 0.67380952  0.80714286  1.18095238]
[ 0.82308846  0.79482759  0.92826087]
[ 0.82308846  0.92826087  0.79482759]
[ 0.79482759  0.82308846  0.92826087]
[ 0.79482759  0.92826087  0.82308846]
[ 0.92826087  0.82308846  0.79482759]
[ 0.92826087  0.79482759  0.82308846]
[ 0.83571429  0.96428571  0.77142857]
[ 0.83571429  0.77142857  0.96428571]
[ 0.96428571  0.83571429  0.77142857]
[ 0.96428571  0.77142857  0.83571429]
[ 0.77142857  0.83571429  0.96428571]
[ 0.77142857  0.96428571  0.83571429]
[ 0.6785317   0.81129032  1.16724138]
[ 0.6785317   1.16724138  0.81129032]
[ 0.81129032  0.6785317   1.16724138]
[ 0.81129032  1.16724138  0.6785317 ]
[ 1.16724138  0.6785317   0.81129032]
[ 1.16724138  0.81129032  0.6785317 ]
[ 1.3025584   0.70814132  0.78489327]
[ 1.3025584   0.78489327  0.70814132]
[ 0.70814132  1.3025584   0.78489327]
[ 0.70814132  0.78489327  1.3025584 ]
[ 0.78489327  1.3025584   0.70814132]
[ 0.78489327  0.70814132  1.3025584 ]
[ 0.92831216  0.72305764  0.96715928]
[ 0.92831216  0.96715928  0.72305764]
[ 0.72305764  0.92831216  0.96715928]
[ 0.72305764  0.96715928  0.92831216]
[ 0.96715928  0.92831216  0.72305764]
[ 0.96715928  0.72305764  0.92831216]
[ 0.92240628  0.94851995  0.73579109]
[ 0.92240628  0.73579109  0.94851995]
[ 0.94851995  0.92240628  0.73579109]
[ 0.94851995  0.73579109  0.92240628]
[ 0.73579109  0.92240628  0.94851995]
[ 0.73579109  0.94851995  0.92240628]
[ 0.81206171  0.76651306  0.99792961]
[ 0.81206171  0.99792961  0.76651306]
[ 0.76651306  0.81206171  0.99792961]
[ 0.76651306  0.99792961  0.81206171]
[ 0.99792961  0.81206171  0.76651306]
[ 0.99792961  0.76651306  0.81206171]
[ 0.87706147  0.61412151  1.21532091]
[ 0.87706147  1.21532091  0.61412151]
[ 0.61412151  0.87706147  1.21532091]
[ 0.61412151  1.21532091  0.87706147]
[ 1.21532091  0.87706147  0.61412151]
[ 1.21532091  0.61412151  0.87706147]
[ 0.79614604  0.85854342  0.88998358]
[ 0.79614604  0.88998358  0.85854342]
[ 0.85854342  0.79614604  0.88998358]
[ 0.85854342  0.88998358  0.79614604]
[ 0.88998358  0.79614604  0.85854342]
[ 0.88998358  0.85854342  0.79614604]
[ 0.76514445  0.87516088  0.93760263]
[ 0.76514445  0.93760263  0.87516088]
[ 0.87516088  0.76514445  0.93760263]
[ 0.87516088  0.93760263  0.76514445]
[ 0.93760263  0.76514445  0.87516088]
[ 0.93760263  0.87516088  0.76514445]
[ 0.70031056  0.79761905  1.14078675]
[ 0.70031056  1.14078675  0.79761905]
[ 0.79761905  0.70031056  1.14078675]
[ 0.79761905  1.14078675  0.70031056]
[ 1.14078675  0.70031056  0.79761905]
[ 1.14078675  0.79761905  0.70031056]
[ 1.09833333  0.86727273  0.68560606]
[ 1.09833333  0.68560606  0.86727273]
[ 0.86727273  1.09833333  0.68560606]
[ 0.86727273  0.68560606  1.09833333]
[ 0.68560606  1.09833333  0.86727273]
[ 0.68560606  0.86727273  1.09833333]
[ 1.03143093  0.53729604  1.31231672]
[ 1.03143093  1.31231672  0.53729604]
[ 0.53729604  1.03143093  1.31231672]
[ 0.53729604  1.31231672  1.03143093]
[ 1.31231672  1.03143093  0.53729604]
[ 1.31231672  0.53729604  1.03143093]
[ 0.80510753  0.68768328  1.29924242]
[ 0.80510753  1.29924242  0.68768328]
[ 0.68768328  0.80510753  1.29924242]
[ 0.68768328  1.29924242  0.80510753]
[ 1.29924242  0.80510753  0.68768328]
[ 1.29924242  0.68768328  0.80510753]
[ 1.41170324  0.55862978  0.94002999]
[ 1.41170324  0.94002999  0.55862978]
[ 0.55862978  1.41170324  0.94002999]
[ 0.55862978  0.94002999  1.41170324]
[ 0.94002999  1.41170324  0.55862978]
[ 0.94002999  0.55862978  1.41170324]
[ 1.08521739  0.7373913   0.7826087 ]
[ 1.08521739  0.7826087   0.7373913 ]
[ 0.7373913   1.08521739  0.7826087 ]
[ 0.7373913   0.7826087   1.08521739]
[ 0.7826087   1.08521739  0.7373913 ]
[ 0.7826087   0.7373913   1.08521739]
[ 1.15064103  0.57636566  1.00905797]
[ 1.15064103  1.00905797  0.57636566]
[ 0.57636566  1.15064103  1.00905797]
[ 0.57636566  1.00905797  1.15064103]
[ 1.00905797  1.15064103  0.57636566]
[ 1.00905797  0.57636566  1.15064103]
[ 1.08857809  0.73021182  0.79314888]
[ 1.08857809  0.79314888  0.73021182]
[ 0.73021182  1.08857809  0.79314888]
[ 0.73021182  0.79314888  1.08857809]
[ 0.79314888  1.08857809  0.73021182]
[ 0.79314888  0.73021182  1.08857809]
[ 0.87044534  0.83867277  0.81438127]
[ 0.87044534  0.81438127  0.83867277]
[ 0.83867277  0.87044534  0.81438127]
[ 0.83867277  0.81438127  0.87044534]
[ 0.81438127  0.87044534  0.83867277]
[ 0.81438127  0.83867277  0.87044534]
[ 0.81666667  0.75326087  1.01992754]
[ 0.81666667  1.01992754  0.75326087]
[ 0.75326087  0.81666667  1.01992754]
[ 0.75326087  1.01992754  0.81666667]
[ 1.01992754  0.81666667  0.75326087]
[ 1.01992754  0.75326087  0.81666667]
[ 0.94026284  1.42496494  0.55877617]
[ 0.94026284  0.55877617  1.42496494]
[ 1.42496494  0.94026284  0.55877617]
[ 1.42496494  0.55877617  0.94026284]
[ 0.55877617  0.94026284  1.42496494]
[ 0.55877617  1.42496494  0.94026284]
[ 0.76651652  0.92714454  0.88285024]
[ 0.76651652  0.88285024  0.92714454]
[ 0.92714454  0.76651652  0.88285024]
[ 0.92714454  0.88285024  0.76651652]
[ 0.88285024  0.76651652  0.92714454]
[ 0.88285024  0.92714454  0.76651652]
[ 0.73739496  1.12404092  0.74378882]
[ 0.73739496  0.74378882  1.12404092]
[ 1.12404092  0.73739496  0.74378882]
[ 1.12404092  0.74378882  0.73739496]
[ 0.74378882  0.73739496  1.12404092]
[ 0.74378882  1.12404092  0.73739496]
[ 0.70752896  0.8519389   1.07298137]
[ 0.70752896  1.07298137  0.8519389 ]
[ 0.8519389   0.70752896  1.07298137]
[ 0.8519389   1.07298137  0.70752896]
[ 1.07298137  0.70752896  0.8519389 ]
[ 1.07298137  0.8519389   0.70752896]
[ 0.67698413  0.95772947  1.02360248]
[ 0.67698413  1.02360248  0.95772947]
[ 0.95772947  0.67698413  1.02360248]
[ 0.95772947  1.02360248  0.67698413]
[ 1.02360248  0.67698413  0.95772947]
[ 1.02360248  0.95772947  0.67698413]
[ 1.41544402  0.7713964   0.72738095]
[ 1.41544402  0.72738095  0.7713964 ]
[ 0.7713964   1.41544402  0.72738095]
[ 0.7713964   0.72738095  1.41544402]
[ 0.72738095  1.41544402  0.7713964 ]
[ 0.72738095  0.7713964   1.41544402]
[ 1.03393939  0.68560606  0.93166667]
[ 1.03393939  0.93166667  0.68560606]
[ 0.68560606  1.03393939  0.93166667]
[ 0.68560606  0.93166667  1.03393939]
[ 0.93166667  1.03393939  0.68560606]
[ 0.93166667  0.68560606  1.03393939]
[ 0.85434995  1.29924242  0.63844086]
[ 0.85434995  0.63844086  1.29924242]
[ 1.29924242  0.85434995  0.63844086]
[ 1.29924242  0.63844086  0.85434995]
[ 0.63844086  0.85434995  1.29924242]
[ 0.63844086  1.29924242  0.85434995]
[ 1.28  0.96  0.56]
[ 1.28  0.56  0.96]
[ 0.96  1.28  0.56]
[ 0.96  0.56  1.28]
[ 0.56  1.28  0.96]
[ 0.56  0.96  1.28]
[ 1.1837037  0.8637037  0.64     ]
[ 1.1837037  0.64       0.8637037]
[ 0.8637037  1.1837037  0.64     ]
[ 0.8637037  0.64       1.1837037]
[ 0.64       1.1837037  0.8637037]
[ 0.64       0.8637037  1.1837037]
[ 1.15789474  0.76526316  0.71263158]
[ 1.15789474  0.71263158  0.76526316]
[ 0.76526316  1.15789474  0.71263158]
[ 0.76526316  0.71263158  1.15789474]
[ 0.71263158  1.15789474  0.76526316]
[ 0.71263158  0.76526316  1.15789474]
[ 1.16  1.08  0.56]
[ 1.16  0.56  1.08]
[ 1.08  1.16  0.56]
[ 1.08  0.56  1.16]
[ 0.56  1.16  1.08]
[ 0.56  1.08  1.16]
[ 1.05295567  0.75724138  0.77571429]
[ 1.05295567  0.77571429  0.75724138]
[ 0.75724138  1.05295567  0.77571429]
[ 0.75724138  0.77571429  1.05295567]
[ 0.77571429  1.05295567  0.75724138]
[ 0.77571429  0.75724138  1.05295567]
[ 1.2005231   0.5372973   1.14322581]
[ 1.2005231   1.14322581  0.5372973 ]
[ 0.5372973   1.2005231   1.14322581]
[ 0.5372973   1.14322581  1.2005231 ]
[ 1.14322581  1.2005231   0.5372973 ]
[ 1.14322581  0.5372973   1.2005231 ]
[ 1.11786787  0.99675676  0.60111111]
[ 1.11786787  0.60111111  0.99675676]
[ 0.99675676  1.11786787  0.60111111]
[ 0.99675676  0.60111111  1.11786787]
[ 0.60111111  1.11786787  0.99675676]
[ 0.60111111  0.99675676  1.11786787]
[ 1.12  1.12  0.56]
[ 1.12  0.56  1.12]
[ 0.56  1.12  1.12]
[ 1.0637037  0.9837037  0.64     ]
[ 1.0637037  0.64       0.9837037]
[ 0.9837037  1.0637037  0.64     ]
[ 0.9837037  0.64       1.0637037]
[ 0.64       1.0637037  0.9837037]
[ 0.64       0.9837037  1.0637037]
[ 1.0237037  1.0237037  0.64     ]
[ 1.0237037  0.64       1.0237037]
[ 0.64       1.0237037  1.0237037]
[ 0.81897927  0.83473684  0.86424242]
[ 0.81897927  0.86424242  0.83473684]
[ 0.83473684  0.81897927  0.86424242]
[ 0.83473684  0.86424242  0.81897927]
[ 0.86424242  0.81897927  0.83473684]
[ 0.86424242  0.83473684  0.81897927]
[ 0.82307692  0.73641026  1.04666667]
[ 0.82307692  1.04666667  0.73641026]
[ 0.73641026  0.82307692  1.04666667]
[ 0.73641026  1.04666667  0.82307692]
[ 1.04666667  0.82307692  0.73641026]
[ 1.04666667  0.73641026  0.82307692]
[ 0.74753695  0.74896552  1.35857143]
[ 0.74753695  1.35857143  0.74896552]
[ 0.74896552  0.74753695  1.35857143]
[ 0.74896552  1.35857143  0.74753695]
[ 1.35857143  0.74753695  0.74896552]
[ 1.35857143  0.74896552  0.74753695]
[ 0.67741935  1.2283871   0.80903226]
[ 0.67741935  0.80903226  1.2283871 ]
[ 1.2283871   0.67741935  0.80903226]
[ 1.2283871   0.80903226  0.67741935]
[ 0.80903226  0.67741935  1.2283871 ]
[ 0.80903226  1.2283871   0.67741935]
[ 0.6281362   1.02555556  1.04258065]
[ 0.6281362   1.04258065  1.02555556]
[ 1.02555556  0.6281362   1.04258065]
[ 1.02555556  1.04258065  0.6281362 ]
[ 1.04258065  0.6281362   1.02555556]
[ 1.04258065  1.02555556  0.6281362 ]
[ 0.69398431  0.80108108  1.33290323]
[ 0.69398431  1.33290323  0.80108108]
[ 0.80108108  0.69398431  1.33290323]
[ 0.80108108  1.33290323  0.69398431]
[ 1.33290323  0.69398431  0.80108108]
[ 1.33290323  0.80108108  0.69398431]
[ 0.5457958   1.23135135  1.07444444]
[ 0.5457958   1.07444444  1.23135135]
[ 1.23135135  0.5457958   1.07444444]
[ 1.23135135  1.07444444  0.5457958 ]
[ 1.07444444  0.5457958   1.23135135]
[ 1.07444444  1.23135135  0.5457958 ]
[ 1.13582814  0.67948718  0.84095634]
[ 1.13582814  0.84095634  0.67948718]
[ 0.67948718  1.13582814  0.84095634]
[ 0.67948718  0.84095634  1.13582814]
[ 0.84095634  1.13582814  0.67948718]
[ 0.84095634  0.67948718  1.13582814]
[ 1.05890506  0.67948718  0.91787942]
[ 1.05890506  0.91787942  0.67948718]
[ 0.67948718  1.05890506  0.91787942]
[ 0.67948718  0.91787942  1.05890506]
[ 0.91787942  1.05890506  0.67948718]
[ 0.91787942  0.67948718  1.05890506]
[ 1.05966387  1.39450549  0.51131222]
[ 1.05966387  0.51131222  1.39450549]
[ 1.39450549  1.05966387  0.51131222]
[ 1.39450549  0.51131222  1.05966387]
[ 0.51131222  1.05966387  1.39450549]
[ 0.51131222  1.39450549  1.05966387]
[ 0.90505891  0.67948718  1.07172557]
[ 0.90505891  1.07172557  0.67948718]
[ 0.67948718  0.90505891  1.07172557]
[ 0.67948718  1.07172557  0.90505891]
[ 1.07172557  0.90505891  0.67948718]
[ 1.07172557  0.67948718  0.90505891]
[ 0.7294197   0.85897436  1.0242915 ]
[ 0.7294197   1.0242915   0.85897436]
[ 0.85897436  0.7294197   1.0242915 ]
[ 0.85897436  1.0242915   0.7294197 ]
[ 1.0242915   0.7294197   0.85897436]
[ 1.0242915   0.85897436  0.7294197 ]
[ 0.66875     1.30576923  0.82451923]
[ 0.66875     0.82451923  1.30576923]
[ 1.30576923  0.66875     0.82451923]
[ 1.30576923  0.82451923  0.66875   ]
[ 0.82451923  0.66875     1.30576923]
[ 0.82451923  1.30576923  0.66875   ]
[ 1.34778325  0.55978836  0.93614304]
[ 1.34778325  0.93614304  0.55978836]
[ 0.55978836  1.34778325  0.93614304]
[ 0.55978836  0.93614304  1.34778325]
[ 0.93614304  1.34778325  0.55978836]
[ 0.93614304  0.55978836  1.34778325]
[ 1.18518519  0.74074074  0.74074074]
[ 0.74074074  1.18518519  0.74074074]
[ 0.74074074  0.74074074  1.18518519]
[ 0.61293103  1.21574074  0.87867178]
[ 0.61293103  0.87867178  1.21574074]
[ 1.21574074  0.61293103  0.87867178]
[ 1.21574074  0.87867178  0.61293103]
[ 0.87867178  0.61293103  1.21574074]
[ 0.87867178  1.21574074  0.61293103]
[ 1.42767857  0.80714286  0.69196429]
[ 1.42767857  0.69196429  0.80714286]
[ 0.80714286  1.42767857  0.69196429]
[ 0.80714286  0.69196429  1.42767857]
[ 0.69196429  1.42767857  0.80714286]
[ 0.69196429  0.80714286  1.42767857]
[ 1.27672414  0.83214286  0.658867  ]
[ 1.27672414  0.658867    0.83214286]
[ 0.83214286  1.27672414  0.658867  ]
[ 0.83214286  0.658867    1.27672414]
[ 0.658867    1.27672414  0.83214286]
[ 0.658867    0.83214286  1.27672414]
[ 1.21131742  0.62511052  0.86206897]
[ 1.21131742  0.86206897  0.62511052]
[ 0.62511052  1.21131742  0.86206897]
[ 0.62511052  0.86206897  1.21131742]
[ 0.86206897  1.21131742  0.62511052]
[ 0.86206897  0.62511052  1.21131742]
[ 1.09535256  0.77099912  0.73814655]
[ 1.09535256  0.73814655  0.77099912]
[ 0.77099912  1.09535256  0.73814655]
[ 0.77099912  0.73814655  1.09535256]
[ 0.73814655  1.09535256  0.77099912]
[ 0.73814655  0.77099912  1.09535256]
[ 0.9299569   0.72306034  0.96551724]
[ 0.9299569   0.96551724  0.72306034]
[ 0.72306034  0.9299569   0.96551724]
[ 0.72306034  0.96551724  0.9299569 ]
[ 0.96551724  0.9299569   0.72306034]
[ 0.96551724  0.72306034  0.9299569 ]
[ 0.85584677  0.8825431   0.80088988]
[ 0.85584677  0.80088988  0.8825431 ]
[ 0.8825431   0.85584677  0.80088988]
[ 0.8825431   0.80088988  0.85584677]
[ 0.80088988  0.85584677  0.8825431 ]
[ 0.80088988  0.8825431   0.85584677]
[ 0.83773216  0.96342738  0.77085651]
[ 0.83773216  0.77085651  0.96342738]
[ 0.96342738  0.83773216  0.77085651]
[ 0.96342738  0.77085651  0.83773216]
[ 0.77085651  0.83773216  0.96342738]
[ 0.77085651  0.96342738  0.83773216]
[ 0.67485667  1.08760485  0.89759666]
[ 0.67485667  0.89759666  1.08760485]
[ 1.08760485  0.67485667  0.89759666]
[ 1.08760485  0.89759666  0.67485667]
[ 0.89759666  0.67485667  1.08760485]
[ 0.89759666  1.08760485  0.67485667]
[ 0.73640553  1.10952381  0.76021505]
[ 0.73640553  0.76021505  1.10952381]
[ 1.10952381  0.73640553  0.76021505]
[ 1.10952381  0.76021505  0.73640553]
[ 0.76021505  0.73640553  1.10952381]
[ 0.76021505  1.10952381  0.73640553]
[ 1.14517375  0.65300785  0.87926267]
[ 1.14517375  0.87926267  0.65300785]
[ 0.65300785  1.14517375  0.87926267]
[ 0.65300785  0.87926267  1.14517375]
[ 0.87926267  1.14517375  0.65300785]
[ 0.87926267  0.65300785  1.14517375]
[ 1.03140917  0.61205433  1.06451613]
[ 1.03140917  1.06451613  0.61205433]
[ 0.61205433  1.03140917  1.06451613]
[ 0.61205433  1.06451613  1.03140917]
[ 1.06451613  1.03140917  0.61205433]
[ 1.06451613  0.61205433  1.03140917]
[ 0.93012821  1.14435484  0.62448304]
[ 0.93012821  0.62448304  1.14435484]
[ 1.14435484  0.93012821  0.62448304]
[ 1.14435484  0.62448304  0.93012821]
[ 0.62448304  0.93012821  1.14435484]
[ 0.62448304  1.14435484  0.93012821]
[ 0.79256966  1.44057725  0.70683112]
[ 0.79256966  0.70683112  1.44057725]
[ 1.44057725  0.79256966  0.70683112]
[ 1.44057725  0.70683112  0.79256966]
[ 0.70683112  0.79256966  1.44057725]
[ 0.70683112  1.44057725  0.79256966]
[ 0.92589286  0.80089286  0.8125    ]
[ 0.92589286  0.8125      0.80089286]
[ 0.80089286  0.92589286  0.8125    ]
[ 0.80089286  0.8125      0.92589286]
[ 0.8125      0.92589286  0.80089286]
[ 0.8125      0.80089286  0.92589286]
[ 0.94798535  0.61137821  1.14910714]
[ 0.94798535  1.14910714  0.61137821]
[ 0.61137821  0.94798535  1.14910714]
[ 0.61137821  1.14910714  0.94798535]
[ 1.14910714  0.94798535  0.61137821]
[ 1.14910714  0.61137821  0.94798535]
[ 0.67838828  1.26107226  0.81125541]
[ 0.67838828  0.81125541  1.26107226]
[ 1.26107226  0.67838828  0.81125541]
[ 1.26107226  0.81125541  0.67838828]
[ 0.81125541  0.67838828  1.26107226]
[ 0.81125541  1.26107226  0.67838828]
[ 0.87707391  0.81825038  0.82352941]
[ 0.87707391  0.82352941  0.81825038]
[ 0.81825038  0.87707391  0.82352941]
[ 0.81825038  0.82352941  0.87707391]
[ 0.82352941  0.87707391  0.81825038]
[ 0.82352941  0.81825038  0.87707391]
[ 1.02766532  1.38989442  0.52012384]
[ 1.02766532  0.52012384  1.38989442]
[ 1.38989442  1.02766532  0.52012384]
[ 1.38989442  0.52012384  1.02766532]
[ 0.52012384  1.02766532  1.38989442]
[ 0.52012384  1.38989442  1.02766532]
[ 1.38335704  0.87293233  0.62471042]
[ 1.38335704  0.62471042  0.87293233]
[ 0.87293233  1.38335704  0.62471042]
[ 0.87293233  0.62471042  1.38335704]
[ 0.62471042  1.38335704  0.87293233]
[ 0.62471042  0.87293233  1.38335704]
[ 1.32301587  0.78015873  0.71428571]
[ 1.32301587  0.71428571  0.78015873]
[ 0.78015873  1.32301587  0.71428571]
[ 0.78015873  0.71428571  1.32301587]
[ 0.71428571  1.32301587  0.78015873]
[ 0.71428571  0.78015873  1.32301587]
[ 1.02857143  0.77142857  0.77142857]
[ 0.77142857  1.02857143  0.77142857]
[ 0.77142857  0.77142857  1.02857143]
[ 0.97142857  0.82857143  0.77142857]
[ 0.97142857  0.77142857  0.82857143]
[ 0.82857143  0.97142857  0.77142857]
[ 0.82857143  0.77142857  0.97142857]
[ 0.77142857  0.97142857  0.82857143]
[ 0.77142857  0.82857143  0.97142857]
