[ 2.   0.5  0.5]
[ 0.5  2.   0.5]
[ 0.5  0.5  2. ]
[0 2 2]
[2 0 2]
[2 2 0]
[ 2.  2.  0.]
[ 2.  0.  2.]
[ 0.  2.  2.]
[ 1.5  0.5  1. ]
[ 1.5  1.   0.5]
[ 0.5  1.5  1. ]
[ 0.5  1.   1.5]
[ 1.   1.5  0.5]
[ 1.   0.5  1.5]
[ 1.5         0.83333333  0.66666667]
[ 1.5         0.66666667  0.83333333]
[ 0.83333333  1.5         0.66666667]
[ 0.83333333  0.66666667  1.5       ]
[ 0.66666667  1.5         0.83333333]
[ 0.66666667  0.83333333  1.5       ]
[ 1.5   0.75  0.75]
[ 0.75  1.5   0.75]
[ 0.75  0.75  1.5 ]
[ 1.5  0.9  0.6]
[ 1.5  0.6  0.9]
[ 0.9  1.5  0.6]
[ 0.9  0.6  1.5]
[ 0.6  1.5  0.9]
[ 0.6  0.9  1.5]
[ 1.5  0.7  0.8]
[ 1.5  0.8  0.7]
[ 0.7  1.5  0.8]
[ 0.7  0.8  1.5]
[ 0.8  1.5  0.7]
[ 0.8  0.7  1.5]
[ 1.5         0.92857143  0.57142857]
[ 1.5         0.57142857  0.92857143]
[ 0.92857143  1.5         0.57142857]
[ 0.92857143  0.57142857  1.5       ]
[ 0.57142857  1.5         0.92857143]
[ 0.57142857  0.92857143  1.5       ]
[ 1.5         0.78571429  0.71428571]
[ 1.5         0.71428571  0.78571429]
[ 0.78571429  1.5         0.71428571]
[ 0.78571429  0.71428571  1.5       ]
[ 0.71428571  1.5         0.78571429]
[ 0.71428571  0.78571429  1.5       ]
[ 1.5         0.64285714  0.85714286]
[ 1.5         0.85714286  0.64285714]
[ 0.64285714  1.5         0.85714286]
[ 0.64285714  0.85714286  1.5       ]
[ 0.85714286  1.5         0.64285714]
[ 0.85714286  0.64285714  1.5       ]
[ 1.5    0.875  0.625]
[ 1.5    0.625  0.875]
[ 0.875  1.5    0.625]
[ 0.875  0.625  1.5  ]
[ 0.625  1.5    0.875]
[ 0.625  0.875  1.5  ]
[ 1.5         0.94444444  0.55555556]
[ 1.5         0.55555556  0.94444444]
[ 0.94444444  1.5         0.55555556]
[ 0.94444444  0.55555556  1.5       ]
[ 0.55555556  1.5         0.94444444]
[ 0.55555556  0.94444444  1.5       ]
[ 1.5         0.72222222  0.77777778]
[ 1.5         0.77777778  0.72222222]
[ 0.72222222  1.5         0.77777778]
[ 0.72222222  0.77777778  1.5       ]
[ 0.77777778  1.5         0.72222222]
[ 0.77777778  0.72222222  1.5       ]
[ 1.5         0.61111111  0.88888889]
[ 1.5         0.88888889  0.61111111]
[ 0.61111111  1.5         0.88888889]
[ 0.61111111  0.88888889  1.5       ]
[ 0.88888889  1.5         0.61111111]
[ 0.88888889  0.61111111  1.5       ]
[ 1.5         0.95454545  0.54545455]
[ 1.5         0.54545455  0.95454545]
[ 0.95454545  1.5         0.54545455]
[ 0.95454545  0.54545455  1.5       ]
[ 0.54545455  1.5         0.95454545]
[ 0.54545455  0.95454545  1.5       ]
[ 1.5         0.86363636  0.63636364]
[ 1.5         0.63636364  0.86363636]
[ 0.86363636  1.5         0.63636364]
[ 0.86363636  0.63636364  1.5       ]
[ 0.63636364  1.5         0.86363636]
[ 0.63636364  0.86363636  1.5       ]
[ 1.5         0.77272727  0.72727273]
[ 1.5         0.72727273  0.77272727]
[ 0.77272727  1.5         0.72727273]
[ 0.77272727  0.72727273  1.5       ]
[ 0.72727273  1.5         0.77272727]
[ 0.72727273  0.77272727  1.5       ]
[ 1.5         0.68181818  0.81818182]
[ 1.5         0.81818182  0.68181818]
[ 0.68181818  1.5         0.81818182]
[ 0.68181818  0.81818182  1.5       ]
[ 0.81818182  1.5         0.68181818]
[ 0.81818182  0.68181818  1.5       ]
[ 1.5         0.59090909  0.90909091]
[ 1.5         0.90909091  0.59090909]
[ 0.59090909  1.5         0.90909091]
[ 0.59090909  0.90909091  1.5       ]
[ 0.90909091  1.5         0.59090909]
[ 0.90909091  0.59090909  1.5       ]
[ 1.5         0.91666667  0.58333333]
[ 1.5         0.58333333  0.91666667]
[ 0.91666667  1.5         0.58333333]
[ 0.91666667  0.58333333  1.5       ]
[ 0.58333333  1.5         0.91666667]
[ 0.58333333  0.91666667  1.5       ]
[ 1.5         0.96153846  0.53846154]
[ 1.5         0.53846154  0.96153846]
[ 0.96153846  1.5         0.53846154]
[ 0.96153846  0.53846154  1.5       ]
[ 0.53846154  1.5         0.96153846]
[ 0.53846154  0.96153846  1.5       ]
[ 1.5         0.88461538  0.61538462]
[ 1.5         0.61538462  0.88461538]
[ 0.88461538  1.5         0.61538462]
[ 0.88461538  0.61538462  1.5       ]
[ 0.61538462  1.5         0.88461538]
[ 0.61538462  0.88461538  1.5       ]
[ 1.5         0.80769231  0.69230769]
[ 1.5         0.69230769  0.80769231]
[ 0.80769231  1.5         0.69230769]
[ 0.80769231  0.69230769  1.5       ]
[ 0.69230769  1.5         0.80769231]
[ 0.69230769  0.80769231  1.5       ]
[ 1.5         0.73076923  0.76923077]
[ 1.5         0.76923077  0.73076923]
[ 0.73076923  1.5         0.76923077]
[ 0.73076923  0.76923077  1.5       ]
[ 0.76923077  1.5         0.73076923]
[ 0.76923077  0.73076923  1.5       ]
[ 1.5         0.65384615  0.84615385]
[ 1.5         0.84615385  0.65384615]
[ 0.65384615  1.5         0.84615385]
[ 0.65384615  0.84615385  1.5       ]
[ 0.84615385  1.5         0.65384615]
[ 0.84615385  0.65384615  1.5       ]
[ 1.5         0.57692308  0.92307692]
[ 1.5         0.92307692  0.57692308]
[ 0.57692308  1.5         0.92307692]
[ 0.57692308  0.92307692  1.5       ]
[ 0.92307692  1.5         0.57692308]
[ 0.92307692  0.57692308  1.5       ]
[ 1.5         0.96666667  0.53333333]
[ 1.5         0.53333333  0.96666667]
[ 0.96666667  1.5         0.53333333]
[ 0.96666667  0.53333333  1.5       ]
[ 0.53333333  1.5         0.96666667]
[ 0.53333333  0.96666667  1.5       ]
[ 1.5         0.76666667  0.73333333]
[ 1.5         0.73333333  0.76666667]
[ 0.76666667  1.5         0.73333333]
[ 0.76666667  0.73333333  1.5       ]
[ 0.73333333  1.5         0.76666667]
[ 0.73333333  0.76666667  1.5       ]
[ 1.5         0.63333333  0.86666667]
[ 1.5         0.86666667  0.63333333]
[ 0.63333333  1.5         0.86666667]
[ 0.63333333  0.86666667  1.5       ]
[ 0.86666667  1.5         0.63333333]
[ 0.86666667  0.63333333  1.5       ]
[ 1.5         0.56666667  0.93333333]
[ 1.5         0.93333333  0.56666667]
[ 0.56666667  1.5         0.93333333]
[ 0.56666667  0.93333333  1.5       ]
[ 0.93333333  1.5         0.56666667]
[ 0.93333333  0.56666667  1.5       ]
[ 1.5     0.9375  0.5625]
[ 1.5     0.5625  0.9375]
[ 0.9375  1.5     0.5625]
[ 0.9375  0.5625  1.5   ]
[ 0.5625  1.5     0.9375]
[ 0.5625  0.9375  1.5   ]
[ 1.5     0.8125  0.6875]
[ 1.5     0.6875  0.8125]
[ 0.8125  1.5     0.6875]
[ 0.8125  0.6875  1.5   ]
[ 0.6875  1.5     0.8125]
[ 0.6875  0.8125  1.5   ]
[ 1.5   0.95  0.55]
[ 1.5   0.55  0.95]
[ 0.95  1.5   0.55]
[ 0.95  0.55  1.5 ]
[ 0.55  1.5   0.95]
[ 0.55  0.95  1.5 ]
[ 1.5   0.85  0.65]
[ 1.5   0.65  0.85]
[ 0.85  1.5   0.65]
[ 0.85  0.65  1.5 ]
[ 0.65  1.5   0.85]
[ 0.65  0.85  1.5 ]
[ 1.75        1.45833333  0.29166667]
[ 1.75        0.29166667  1.45833333]
[ 1.45833333  1.75        0.29166667]
[ 1.45833333  0.29166667  1.75      ]
[ 0.29166667  1.75        1.45833333]
[ 0.29166667  1.45833333  1.75      ]
[ 1.5         0.95833333  0.54166667]
[ 1.5         0.54166667  0.95833333]
[ 0.95833333  1.5         0.54166667]
[ 0.95833333  0.54166667  1.5       ]
[ 0.54166667  1.5         0.95833333]
[ 0.54166667  0.95833333  1.5       ]
[ 1.5         0.79166667  0.70833333]
[ 1.5         0.70833333  0.79166667]
[ 0.79166667  1.5         0.70833333]
[ 0.79166667  0.70833333  1.5       ]
[ 0.70833333  1.5         0.79166667]
[ 0.70833333  0.79166667  1.5       ]
[ 1.8   1.56  0.24]
[ 1.8   0.24  1.56]
[ 1.56  1.8   0.24]
[ 1.56  0.24  1.8 ]
[ 0.24  1.8   1.56]
[ 0.24  1.56  1.8 ]
[ 1.66666667  1.2962963   0.37037037]
[ 1.66666667  0.37037037  1.2962963 ]
[ 1.2962963   1.66666667  0.37037037]
[ 1.2962963   0.37037037  1.66666667]
[ 0.37037037  1.66666667  1.2962963 ]
[ 0.37037037  1.2962963   1.66666667]
[ 1.5         0.96428571  0.53571429]
[ 1.5         0.53571429  0.96428571]
[ 0.96428571  1.5         0.53571429]
[ 0.96428571  0.53571429  1.5       ]
[ 0.53571429  1.5         0.96428571]
[ 0.53571429  0.96428571  1.5       ]
[ 1.5         0.89285714  0.60714286]
[ 1.5         0.60714286  0.89285714]
[ 0.89285714  1.5         0.60714286]
[ 0.89285714  0.60714286  1.5       ]
[ 0.60714286  1.5         0.89285714]
[ 0.60714286  0.89285714  1.5       ]
[ 1.5         0.82142857  0.67857143]
[ 1.5         0.67857143  0.82142857]
[ 0.82142857  1.5         0.67857143]
[ 0.82142857  0.67857143  1.5       ]
[ 0.67857143  1.5         0.82142857]
[ 0.67857143  0.82142857  1.5       ]
[ 1.875    1.71875  0.15625]
[ 1.875    0.15625  1.71875]
[ 1.71875  1.875    0.15625]
[ 1.71875  0.15625  1.875  ]
[ 0.15625  1.875    1.71875]
[ 0.15625  1.71875  1.875  ]
[ 1.625    1.21875  0.40625]
[ 1.625    0.40625  1.21875]
[ 1.21875  1.625    0.40625]
[ 1.21875  0.40625  1.625  ]
[ 0.40625  1.625    1.21875]
[ 0.40625  1.21875  1.625  ]
[ 1.5      0.96875  0.53125]
[ 1.5      0.53125  0.96875]
[ 0.96875  1.5      0.53125]
[ 0.96875  0.53125  1.5    ]
[ 0.53125  1.5      0.96875]
[ 0.53125  0.96875  1.5    ]
[ 1.5      0.90625  0.59375]
[ 1.5      0.59375  0.90625]
[ 0.90625  1.5      0.59375]
[ 0.90625  0.59375  1.5    ]
[ 0.59375  1.5      0.90625]
[ 0.59375  0.90625  1.5    ]
[ 1.5      0.84375  0.65625]
[ 1.5      0.65625  0.84375]
[ 0.84375  1.5      0.65625]
[ 0.84375  0.65625  1.5    ]
[ 0.65625  1.5      0.84375]
[ 0.65625  0.84375  1.5    ]
[ 1.5      0.78125  0.71875]
[ 1.5      0.71875  0.78125]
[ 0.78125  1.5      0.71875]
[ 0.78125  0.71875  1.5    ]
[ 0.71875  1.5      0.78125]
[ 0.71875  0.78125  1.5    ]
[ 0.5         1.16666667  1.33333333]
[ 0.5         1.33333333  1.16666667]
[ 1.16666667  0.5         1.33333333]
[ 1.16666667  1.33333333  0.5       ]
[ 1.33333333  0.5         1.16666667]
[ 1.33333333  1.16666667  0.5       ]
[ 0.5   1.25  1.25]
[ 1.25  0.5   1.25]
[ 1.25  1.25  0.5 ]
[ 0.5  1.3  1.2]
[ 0.5  1.2  1.3]
[ 1.3  0.5  1.2]
[ 1.3  1.2  0.5]
[ 1.2  0.5  1.3]
[ 1.2  1.3  0.5]
[ 0.5  1.1  1.4]
[ 0.5  1.4  1.1]
[ 1.1  0.5  1.4]
[ 1.1  1.4  0.5]
[ 1.4  0.5  1.1]
[ 1.4  1.1  0.5]
[ 0.5         1.35714286  1.14285714]
[ 0.5         1.14285714  1.35714286]
[ 1.35714286  0.5         1.14285714]
[ 1.35714286  1.14285714  0.5       ]
[ 1.14285714  0.5         1.35714286]
[ 1.14285714  1.35714286  0.5       ]
[ 0.5         1.21428571  1.28571429]
[ 0.5         1.28571429  1.21428571]
[ 1.21428571  0.5         1.28571429]
[ 1.21428571  1.28571429  0.5       ]
[ 1.28571429  0.5         1.21428571]
[ 1.28571429  1.21428571  0.5       ]
[ 0.5         1.07142857  1.42857143]
[ 0.5         1.42857143  1.07142857]
[ 1.07142857  0.5         1.42857143]
[ 1.07142857  1.42857143  0.5       ]
[ 1.42857143  0.5         1.07142857]
[ 1.42857143  1.07142857  0.5       ]
[ 0.5    1.375  1.125]
[ 0.5    1.125  1.375]
[ 1.375  0.5    1.125]
[ 1.375  1.125  0.5  ]
[ 1.125  0.5    1.375]
[ 1.125  1.375  0.5  ]
[ 0.5         1.38888889  1.11111111]
[ 0.5         1.11111111  1.38888889]
[ 1.38888889  0.5         1.11111111]
[ 1.38888889  1.11111111  0.5       ]
[ 1.11111111  0.5         1.38888889]
[ 1.11111111  1.38888889  0.5       ]
[ 0.5         1.27777778  1.22222222]
[ 0.5         1.22222222  1.27777778]
[ 1.27777778  0.5         1.22222222]
[ 1.27777778  1.22222222  0.5       ]
[ 1.22222222  0.5         1.27777778]
[ 1.22222222  1.27777778  0.5       ]
[ 0.5         1.05555556  1.44444444]
[ 0.5         1.44444444  1.05555556]
[ 1.05555556  0.5         1.44444444]
[ 1.05555556  1.44444444  0.5       ]
[ 1.44444444  0.5         1.05555556]
[ 1.44444444  1.05555556  0.5       ]
[ 0.5         1.40909091  1.09090909]
[ 0.5         1.09090909  1.40909091]
[ 1.40909091  0.5         1.09090909]
[ 1.40909091  1.09090909  0.5       ]
[ 1.09090909  0.5         1.40909091]
[ 1.09090909  1.40909091  0.5       ]
[ 0.5         1.31818182  1.18181818]
[ 0.5         1.18181818  1.31818182]
[ 1.31818182  0.5         1.18181818]
[ 1.31818182  1.18181818  0.5       ]
[ 1.18181818  0.5         1.31818182]
[ 1.18181818  1.31818182  0.5       ]
[ 0.5         1.22727273  1.27272727]
[ 0.5         1.27272727  1.22727273]
[ 1.22727273  0.5         1.27272727]
[ 1.22727273  1.27272727  0.5       ]
[ 1.27272727  0.5         1.22727273]
[ 1.27272727  1.22727273  0.5       ]
[ 0.5         1.13636364  1.36363636]
[ 0.5         1.36363636  1.13636364]
[ 1.13636364  0.5         1.36363636]
[ 1.13636364  1.36363636  0.5       ]
[ 1.36363636  0.5         1.13636364]
[ 1.36363636  1.13636364  0.5       ]
[ 0.5         1.04545455  1.45454545]
[ 0.5         1.45454545  1.04545455]
[ 1.04545455  0.5         1.45454545]
[ 1.04545455  1.45454545  0.5       ]
[ 1.45454545  0.5         1.04545455]
[ 1.45454545  1.04545455  0.5       ]
[ 0.5         1.41666667  1.08333333]
[ 0.5         1.08333333  1.41666667]
[ 1.41666667  0.5         1.08333333]
[ 1.41666667  1.08333333  0.5       ]
[ 1.08333333  0.5         1.41666667]
[ 1.08333333  1.41666667  0.5       ]
[ 0.5         1.42307692  1.07692308]
[ 0.5         1.07692308  1.42307692]
[ 1.42307692  0.5         1.07692308]
[ 1.42307692  1.07692308  0.5       ]
[ 1.07692308  0.5         1.42307692]
[ 1.07692308  1.42307692  0.5       ]
[ 0.5         1.34615385  1.15384615]
[ 0.5         1.15384615  1.34615385]
[ 1.34615385  0.5         1.15384615]
[ 1.34615385  1.15384615  0.5       ]
[ 1.15384615  0.5         1.34615385]
[ 1.15384615  1.34615385  0.5       ]
[ 0.5         1.26923077  1.23076923]
[ 0.5         1.23076923  1.26923077]
[ 1.26923077  0.5         1.23076923]
[ 1.26923077  1.23076923  0.5       ]
[ 1.23076923  0.5         1.26923077]
[ 1.23076923  1.26923077  0.5       ]
[ 0.5         1.19230769  1.30769231]
[ 0.5         1.30769231  1.19230769]
[ 1.19230769  0.5         1.30769231]
[ 1.19230769  1.30769231  0.5       ]
[ 1.30769231  0.5         1.19230769]
[ 1.30769231  1.19230769  0.5       ]
[ 0.5         1.11538462  1.38461538]
[ 0.5         1.38461538  1.11538462]
[ 1.11538462  0.5         1.38461538]
[ 1.11538462  1.38461538  0.5       ]
[ 1.38461538  0.5         1.11538462]
[ 1.38461538  1.11538462  0.5       ]
[ 0.5         1.03846154  1.46153846]
[ 0.5         1.46153846  1.03846154]
[ 1.03846154  0.5         1.46153846]
[ 1.03846154  1.46153846  0.5       ]
[ 1.46153846  0.5         1.03846154]
[ 1.46153846  1.03846154  0.5       ]
[ 0.5         1.43333333  1.06666667]
[ 0.5         1.06666667  1.43333333]
[ 1.43333333  0.5         1.06666667]
[ 1.43333333  1.06666667  0.5       ]
[ 1.06666667  0.5         1.43333333]
[ 1.06666667  1.43333333  0.5       ]
[ 0.5         1.36666667  1.13333333]
[ 0.5         1.13333333  1.36666667]
[ 1.36666667  0.5         1.13333333]
[ 1.36666667  1.13333333  0.5       ]
[ 1.13333333  0.5         1.36666667]
[ 1.13333333  1.36666667  0.5       ]
[ 0.5         1.23333333  1.26666667]
[ 0.5         1.26666667  1.23333333]
[ 1.23333333  0.5         1.26666667]
[ 1.23333333  1.26666667  0.5       ]
[ 1.26666667  0.5         1.23333333]
[ 1.26666667  1.23333333  0.5       ]
[ 0.5         1.03333333  1.46666667]
[ 0.5         1.46666667  1.03333333]
[ 1.03333333  0.5         1.46666667]
[ 1.03333333  1.46666667  0.5       ]
[ 1.46666667  0.5         1.03333333]
[ 1.46666667  1.03333333  0.5       ]
[ 0.5     1.4375  1.0625]
[ 0.5     1.0625  1.4375]
[ 1.4375  0.5     1.0625]
[ 1.4375  1.0625  0.5   ]
[ 1.0625  0.5     1.4375]
[ 1.0625  1.4375  0.5   ]
[ 0.5     1.3125  1.1875]
[ 0.5     1.1875  1.3125]
[ 1.3125  0.5     1.1875]
[ 1.3125  1.1875  0.5   ]
[ 1.1875  0.5     1.3125]
[ 1.1875  1.3125  0.5   ]
[ 0.5   1.45  1.05]
[ 0.5   1.05  1.45]
[ 1.45  0.5   1.05]
[ 1.45  1.05  0.5 ]
[ 1.05  0.5   1.45]
[ 1.05  1.45  0.5 ]
[ 0.5   1.35  1.15]
[ 0.5   1.15  1.35]
[ 1.35  0.5   1.15]
[ 1.35  1.15  0.5 ]
[ 1.15  0.5   1.35]
[ 1.15  1.35  0.5 ]
[ 0.5         1.45833333  1.04166667]
[ 0.5         1.04166667  1.45833333]
[ 1.45833333  0.5         1.04166667]
[ 1.45833333  1.04166667  0.5       ]
[ 1.04166667  0.5         1.45833333]
[ 1.04166667  1.45833333  0.5       ]
[ 0.5         1.29166667  1.20833333]
[ 0.5         1.20833333  1.29166667]
[ 1.29166667  0.5         1.20833333]
[ 1.29166667  1.20833333  0.5       ]
[ 1.20833333  0.5         1.29166667]
[ 1.20833333  1.29166667  0.5       ]
[ 0.5         1.46428571  1.03571429]
[ 0.5         1.03571429  1.46428571]
[ 1.46428571  0.5         1.03571429]
[ 1.46428571  1.03571429  0.5       ]
[ 1.03571429  0.5         1.46428571]
[ 1.03571429  1.46428571  0.5       ]
[ 0.5         1.39285714  1.10714286]
[ 0.5         1.10714286  1.39285714]
[ 1.39285714  0.5         1.10714286]
[ 1.39285714  1.10714286  0.5       ]
[ 1.10714286  0.5         1.39285714]
[ 1.10714286  1.39285714  0.5       ]
[ 0.5         1.32142857  1.17857143]
[ 0.5         1.17857143  1.32142857]
[ 1.32142857  0.5         1.17857143]
[ 1.32142857  1.17857143  0.5       ]
[ 1.17857143  0.5         1.32142857]
[ 1.17857143  1.32142857  0.5       ]
[ 0.5      1.46875  1.03125]
[ 0.5      1.03125  1.46875]
[ 1.46875  0.5      1.03125]
[ 1.46875  1.03125  0.5    ]
[ 1.03125  0.5      1.46875]
[ 1.03125  1.46875  0.5    ]
[ 0.5      1.40625  1.09375]
[ 0.5      1.09375  1.40625]
[ 1.40625  0.5      1.09375]
[ 1.40625  1.09375  0.5    ]
[ 1.09375  0.5      1.40625]
[ 1.09375  1.40625  0.5    ]
[ 0.5      1.34375  1.15625]
[ 0.5      1.15625  1.34375]
[ 1.34375  0.5      1.15625]
[ 1.34375  1.15625  0.5    ]
[ 1.15625  0.5      1.34375]
[ 1.15625  1.34375  0.5    ]
[ 0.5      1.28125  1.21875]
[ 0.5      1.21875  1.28125]
[ 1.28125  0.5      1.21875]
[ 1.28125  1.21875  0.5    ]
[ 1.21875  0.5      1.28125]
[ 1.21875  1.28125  0.5    ]
[ 0.83333333  0.66666667  1.16666667]
[ 0.83333333  1.16666667  0.66666667]
[ 0.66666667  0.83333333  1.16666667]
[ 0.66666667  1.16666667  0.83333333]
[ 1.16666667  0.83333333  0.66666667]
[ 1.16666667  0.66666667  0.83333333]
[ 0.85208333  1.21875     0.63333333]
[ 0.85208333  0.63333333  1.21875   ]
[ 1.21875     0.85208333  0.63333333]
[ 1.21875     0.63333333  0.85208333]
[ 0.63333333  0.85208333  1.21875   ]
[ 0.63333333  1.21875     0.85208333]
[ 1.          1.          0.66666667]
[ 1.          0.66666667  1.        ]
[ 0.66666667  1.          1.        ]
[ 1.00815217  1.02898551  0.64583333]
[ 1.00815217  0.64583333  1.02898551]
[ 1.02898551  1.00815217  0.64583333]
[ 1.02898551  0.64583333  1.00815217]
[ 0.64583333  1.00815217  1.02898551]
[ 0.64583333  1.02898551  1.00815217]
[ 1.33333333  1.62962963  0.37037037]
[ 1.33333333  0.37037037  1.62962963]
[ 1.62962963  1.33333333  0.37037037]
[ 1.62962963  0.37037037  1.33333333]
[ 0.37037037  1.33333333  1.62962963]
[ 0.37037037  1.62962963  1.33333333]
[ 0.66666667  1.08333333  0.91666667]
[ 0.66666667  0.91666667  1.08333333]
[ 1.08333333  0.66666667  0.91666667]
[ 1.08333333  0.91666667  0.66666667]
[ 0.91666667  0.66666667  1.08333333]
[ 0.91666667  1.08333333  0.66666667]
[ 0.66666667  1.13333333  0.86666667]
[ 0.66666667  0.86666667  1.13333333]
[ 1.13333333  0.66666667  0.86666667]
[ 1.13333333  0.86666667  0.66666667]
[ 0.86666667  0.66666667  1.13333333]
[ 0.86666667  1.13333333  0.66666667]
[ 0.66666667  0.93333333  1.06666667]
[ 0.66666667  1.06666667  0.93333333]
[ 0.93333333  0.66666667  1.06666667]
[ 0.93333333  1.06666667  0.66666667]
[ 1.06666667  0.66666667  0.93333333]
[ 1.06666667  0.93333333  0.66666667]
[ 0.66666667  1.04761905  0.95238095]
[ 0.66666667  0.95238095  1.04761905]
[ 1.04761905  0.66666667  0.95238095]
[ 1.04761905  0.95238095  0.66666667]
[ 0.95238095  0.66666667  1.04761905]
[ 0.95238095  1.04761905  0.66666667]
[ 0.66666667  0.9047619   1.0952381 ]
[ 0.66666667  1.0952381   0.9047619 ]
[ 0.9047619   0.66666667  1.0952381 ]
[ 0.9047619   1.0952381   0.66666667]
[ 1.0952381   0.66666667  0.9047619 ]
[ 1.0952381   0.9047619   0.66666667]
[ 0.66666667  0.95833333  1.04166667]
[ 0.66666667  1.04166667  0.95833333]
[ 0.95833333  0.66666667  1.04166667]
[ 0.95833333  1.04166667  0.66666667]
[ 1.04166667  0.66666667  0.95833333]
[ 1.04166667  0.95833333  0.66666667]
[ 0.66666667  1.11111111  0.88888889]
[ 0.66666667  0.88888889  1.11111111]
[ 1.11111111  0.66666667  0.88888889]
[ 1.11111111  0.88888889  0.66666667]
[ 0.88888889  0.66666667  1.11111111]
[ 0.88888889  1.11111111  0.66666667]
[ 0.66666667  1.03333333  0.96666667]
[ 0.66666667  0.96666667  1.03333333]
[ 1.03333333  0.66666667  0.96666667]
[ 1.03333333  0.96666667  0.66666667]
[ 0.96666667  0.66666667  1.03333333]
[ 0.96666667  1.03333333  0.66666667]
[ 0.77555556  1.38666667  0.72222222]
[ 0.77555556  0.72222222  1.38666667]
[ 1.38666667  0.77555556  0.72222222]
[ 1.38666667  0.72222222  0.77555556]
[ 0.72222222  0.77555556  1.38666667]
[ 0.72222222  1.38666667  0.77555556]
[ 0.66666667  1.05555556  0.94444444]
[ 0.66666667  0.94444444  1.05555556]
[ 1.05555556  0.66666667  0.94444444]
[ 1.05555556  0.94444444  0.66666667]
[ 0.94444444  0.66666667  1.05555556]
[ 0.94444444  1.05555556  0.66666667]
[ 0.66666667  1.14285714  0.85714286]
[ 0.66666667  0.85714286  1.14285714]
[ 1.14285714  0.66666667  0.85714286]
[ 1.14285714  0.85714286  0.66666667]
[ 0.85714286  0.66666667  1.14285714]
[ 0.85714286  1.14285714  0.66666667]
[ 0.66666667  1.125       0.875     ]
[ 0.66666667  0.875       1.125     ]
[ 1.125       0.66666667  0.875     ]
[ 1.125       0.875       0.66666667]
[ 0.875       0.66666667  1.125     ]
[ 0.875       1.125       0.66666667]
[ 0.66666667  1.18518519  0.81481481]
[ 0.66666667  0.81481481  1.18518519]
[ 1.18518519  0.66666667  0.81481481]
[ 1.18518519  0.81481481  0.66666667]
[ 0.81481481  0.66666667  1.18518519]
[ 0.81481481  1.18518519  0.66666667]
[ 0.66666667  1.14814815  0.85185185]
[ 0.66666667  0.85185185  1.14814815]
[ 1.14814815  0.66666667  0.85185185]
[ 1.14814815  0.85185185  0.66666667]
[ 0.85185185  0.66666667  1.14814815]
[ 0.85185185  1.14814815  0.66666667]
[ 0.66666667  1.07407407  0.92592593]
[ 0.66666667  0.92592593  1.07407407]
[ 1.07407407  0.66666667  0.92592593]
[ 1.07407407  0.92592593  0.66666667]
[ 0.92592593  0.66666667  1.07407407]
[ 0.92592593  1.07407407  0.66666667]
[ 0.66666667  1.03703704  0.96296296]
[ 0.66666667  0.96296296  1.03703704]
[ 1.03703704  0.66666667  0.96296296]
[ 1.03703704  0.96296296  0.66666667]
[ 0.96296296  0.66666667  1.03703704]
[ 0.96296296  1.03703704  0.66666667]
[ 0.66666667  1.1         0.9       ]
[ 0.66666667  0.9         1.1       ]
[ 1.1         0.66666667  0.9       ]
[ 1.1         0.9         0.66666667]
[ 0.9         0.66666667  1.1       ]
[ 0.9         1.1         0.66666667]
[ 1.5         1.70833333  0.29166667]
[ 1.5         0.29166667  1.70833333]
[ 1.70833333  1.5         0.29166667]
[ 1.70833333  0.29166667  1.5       ]
[ 0.29166667  1.5         1.70833333]
[ 0.29166667  1.70833333  1.5       ]
[ 1.375    1.46875  0.40625]
[ 1.375    0.40625  1.46875]
[ 1.46875  1.375    0.40625]
[ 1.46875  0.40625  1.375  ]
[ 0.40625  1.375    1.46875]
[ 0.40625  1.46875  1.375  ]
[ 0.60611205  1.04032258  1.06578947]
[ 0.60611205  1.06578947  1.04032258]
[ 1.04032258  0.60611205  1.06578947]
[ 1.04032258  1.06578947  0.60611205]
[ 1.06578947  0.60611205  1.04032258]
[ 1.06578947  1.04032258  0.60611205]
[ 0.39194139  1.48809524  1.40384615]
[ 0.39194139  1.40384615  1.48809524]
[ 1.48809524  0.39194139  1.40384615]
[ 1.48809524  1.40384615  0.39194139]
[ 1.40384615  0.39194139  1.48809524]
[ 1.40384615  1.48809524  0.39194139]
[ 1.6   1.76  0.24]
[ 1.6   0.24  1.76]
[ 1.76  1.6   0.24]
[ 1.76  0.24  1.6 ]
[ 0.24  1.6   1.76]
[ 0.24  1.76  1.6 ]
[ 1.2   1.04  0.56]
[ 1.2   0.56  1.04]
[ 1.04  1.2   0.56]
[ 1.04  0.56  1.2 ]
[ 0.56  1.2   1.04]
[ 0.56  1.04  1.2 ]
[ 1.1437037  0.9037037  0.64     ]
[ 1.1437037  0.64       0.9037037]
[ 0.9037037  1.1437037  0.64     ]
[ 0.9037037  0.64       1.1437037]
[ 0.64       1.1437037  0.9037037]
[ 0.64       0.9037037  1.1437037]
[ 1.    1.24  0.56]
[ 1.    0.56  1.24]
[ 1.24  1.    0.56]
[ 1.24  0.56  1.  ]
[ 0.56  1.    1.24]
[ 0.56  1.24  1.  ]
[ 0.9437037  1.1037037  0.64     ]
[ 0.9437037  0.64       1.1037037]
[ 1.1037037  0.9437037  0.64     ]
[ 1.1037037  0.64       0.9437037]
[ 0.64       0.9437037  1.1037037]
[ 0.64       1.1037037  0.9437037]
[ 0.71355499  1.07826087  0.83529412]
[ 0.71355499  0.83529412  1.07826087]
[ 1.07826087  0.71355499  0.83529412]
[ 1.07826087  0.83529412  0.71355499]
[ 0.83529412  0.71355499  1.07826087]
[ 0.83529412  1.07826087  0.71355499]
[ 0.71354839  0.79354839  1.12      ]
[ 0.71354839  1.12        0.79354839]
[ 0.79354839  0.71354839  1.12      ]
[ 0.79354839  1.12        0.71354839]
[ 1.12        0.71354839  0.79354839]
[ 1.12        0.79354839  0.71354839]
[ 1.58333333  1.625       0.29166667]
[ 1.58333333  0.29166667  1.625     ]
[ 1.625       1.58333333  0.29166667]
[ 1.625       0.29166667  1.58333333]
[ 0.29166667  1.58333333  1.625     ]
[ 0.29166667  1.625       1.58333333]
[ 1.66666667  1.7962963   0.2037037 ]
[ 1.66666667  0.2037037   1.7962963 ]
[ 1.7962963   1.66666667  0.2037037 ]
[ 1.7962963   0.2037037   1.66666667]
[ 0.2037037   1.66666667  1.7962963 ]
[ 0.2037037   1.7962963   1.66666667]
[ 1.44411765  1.29285714  0.43697479]
[ 1.44411765  0.43697479  1.29285714]
[ 1.29285714  1.44411765  0.43697479]
[ 1.29285714  0.43697479  1.44411765]
[ 0.43697479  1.44411765  1.29285714]
[ 0.43697479  1.29285714  1.44411765]
[ 1.19724138  0.66009852  0.82285714]
[ 1.19724138  0.82285714  0.66009852]
[ 0.66009852  1.19724138  0.82285714]
[ 0.66009852  0.82285714  1.19724138]
[ 0.82285714  1.19724138  0.66009852]
[ 0.82285714  0.66009852  1.19724138]
[ 0.63230769  0.90659341  1.15428571]
[ 0.63230769  1.15428571  0.90659341]
[ 0.90659341  0.63230769  1.15428571]
[ 0.90659341  1.15428571  0.63230769]
[ 1.15428571  0.63230769  0.90659341]
[ 1.15428571  0.90659341  0.63230769]
[ 1.23737374  0.80681818  0.68055556]
[ 1.23737374  0.68055556  0.80681818]
[ 0.80681818  1.23737374  0.68055556]
[ 0.80681818  0.68055556  1.23737374]
[ 0.68055556  1.23737374  0.80681818]
[ 0.68055556  0.80681818  1.23737374]
[ 1.63771712  1.60887097  0.27884615]
[ 1.63771712  0.27884615  1.60887097]
[ 1.60887097  1.63771712  0.27884615]
[ 1.60887097  0.27884615  1.63771712]
[ 0.27884615  1.63771712  1.60887097]
[ 0.27884615  1.60887097  1.63771712]
[ 1.75     1.84375  0.15625]
[ 1.75     0.15625  1.84375]
[ 1.84375  1.75     0.15625]
[ 1.84375  0.15625  1.75   ]
[ 0.15625  1.75     1.84375]
[ 0.15625  1.84375  1.75   ]
[ 1.5      1.34375  0.40625]
[ 1.5      0.40625  1.34375]
[ 1.34375  1.5      0.40625]
[ 1.34375  0.40625  1.5    ]
[ 0.40625  1.5      1.34375]
[ 0.40625  1.34375  1.5    ]
[ 0.93573668  0.71982759  0.96590909]
[ 0.93573668  0.96590909  0.71982759]
[ 0.71982759  0.93573668  0.96590909]
[ 0.71982759  0.96590909  0.93573668]
[ 0.96590909  0.93573668  0.71982759]
[ 0.96590909  0.71982759  0.93573668]
[ 1.25     1.59375  0.40625]
[ 1.25     0.40625  1.59375]
[ 1.59375  1.25     0.40625]
[ 1.59375  0.40625  1.25   ]
[ 0.40625  1.25     1.59375]
[ 0.40625  1.59375  1.25   ]
[ 0.72708333  1.21875     0.75833333]
[ 0.72708333  0.75833333  1.21875   ]
[ 1.21875     0.72708333  0.75833333]
[ 1.21875     0.75833333  0.72708333]
[ 0.75833333  0.72708333  1.21875   ]
[ 0.75833333  1.21875     0.72708333]
[ 1.7452381   1.78968254  0.17777778]
[ 1.7452381   0.17777778  1.78968254]
[ 1.78968254  1.7452381   0.17777778]
[ 1.78968254  0.17777778  1.7452381 ]
[ 0.17777778  1.7452381   1.78968254]
[ 0.17777778  1.78968254  1.7452381 ]
[ 1.55555556  1.40740741  0.37037037]
[ 1.55555556  0.37037037  1.40740741]
[ 1.40740741  1.55555556  0.37037037]
[ 1.40740741  0.37037037  1.55555556]
[ 0.37037037  1.55555556  1.40740741]
[ 0.37037037  1.40740741  1.55555556]
[ 1.44444444  1.51851852  0.37037037]
[ 1.44444444  0.37037037  1.51851852]
[ 1.51851852  1.44444444  0.37037037]
[ 1.51851852  0.37037037  1.44444444]
[ 0.37037037  1.44444444  1.51851852]
[ 0.37037037  1.51851852  1.44444444]
[ 0.77777778  1.18518519  0.7037037 ]
[ 0.77777778  0.7037037   1.18518519]
[ 1.18518519  0.77777778  0.7037037 ]
[ 1.18518519  0.7037037   0.77777778]
[ 0.7037037   0.77777778  1.18518519]
[ 0.7037037   1.18518519  0.77777778]
[ 0.45386905  1.51736111  1.15873016]
[ 0.45386905  1.15873016  1.51736111]
[ 1.51736111  0.45386905  1.15873016]
[ 1.51736111  1.15873016  0.45386905]
[ 1.15873016  0.45386905  1.51736111]
[ 1.15873016  1.51736111  0.45386905]
[ 0.12424242  1.81111111  1.86868687]
[ 0.12424242  1.86868687  1.81111111]
[ 1.81111111  0.12424242  1.86868687]
[ 1.81111111  1.86868687  0.12424242]
[ 1.86868687  0.12424242  1.81111111]
[ 1.86868687  1.81111111  0.12424242]
[ 1.59852217  0.34137931  1.45714286]
[ 1.59852217  1.45714286  0.34137931]
[ 0.34137931  1.59852217  1.45714286]
[ 0.34137931  1.45714286  1.59852217]
[ 1.45714286  1.59852217  0.34137931]
[ 1.45714286  0.34137931  1.59852217]
[ 1.6   1.46  0.34]
[ 1.6   0.34  1.46]
[ 1.46  1.6   0.34]
[ 1.46  0.34  1.6 ]
[ 0.34  1.6   1.46]
[ 0.34  1.46  1.6 ]
[ 1.45677419  1.19677419  0.46      ]
[ 1.45677419  0.46        1.19677419]
[ 1.19677419  1.45677419  0.46      ]
[ 1.19677419  0.46        1.45677419]
[ 0.46        1.45677419  1.19677419]
[ 0.46        1.19677419  1.45677419]
[ 1.4   1.66  0.34]
[ 1.4   0.34  1.66]
[ 1.66  1.4   0.34]
[ 1.66  0.34  1.4 ]
[ 0.34  1.4   1.66]
[ 0.34  1.66  1.4 ]
[ 1.25677419  1.39677419  0.46      ]
[ 1.25677419  0.46        1.39677419]
[ 1.39677419  1.25677419  0.46      ]
[ 1.39677419  0.46        1.25677419]
[ 0.46        1.25677419  1.39677419]
[ 0.46        1.39677419  1.25677419]
[ 1.25504032  1.39375     0.46129032]
[ 1.25504032  0.46129032  1.39375   ]
[ 1.39375     1.25504032  0.46129032]
[ 1.39375     0.46129032  1.25504032]
[ 0.46129032  1.25504032  1.39375   ]
[ 0.46129032  1.39375     1.25504032]
[ 0.36862745  1.53529412  1.43333333]
[ 0.36862745  1.43333333  1.53529412]
[ 1.53529412  0.36862745  1.43333333]
[ 1.53529412  1.43333333  0.36862745]
[ 1.43333333  0.36862745  1.53529412]
[ 1.43333333  1.53529412  0.36862745]
[ 0.75072464  0.76284585  1.07878788]
[ 0.75072464  1.07878788  0.76284585]
[ 0.76284585  0.75072464  1.07878788]
[ 0.76284585  1.07878788  0.75072464]
[ 1.07878788  0.75072464  0.76284585]
[ 1.07878788  0.76284585  0.75072464]
[ 0.76616379  1.13920455  0.71786834]
[ 0.76616379  0.71786834  1.13920455]
[ 1.13920455  0.76616379  0.71786834]
[ 1.13920455  0.71786834  0.76616379]
[ 0.71786834  0.76616379  1.13920455]
[ 0.71786834  1.13920455  0.76616379]
[ 0.53511706  1.21343874  1.13986014]
[ 0.53511706  1.13986014  1.21343874]
[ 1.21343874  0.53511706  1.13986014]
[ 1.21343874  1.13986014  0.53511706]
[ 1.13986014  0.53511706  1.21343874]
[ 1.13986014  1.21343874  0.53511706]
[ 0.53512133  1.18495298  1.16835017]
[ 0.53512133  1.16835017  1.18495298]
[ 1.18495298  0.53512133  1.16835017]
[ 1.18495298  1.16835017  0.53512133]
[ 1.16835017  0.53512133  1.18495298]
[ 1.16835017  1.18495298  0.53512133]
[ 0.38140417  1.59530792  1.3315508 ]
[ 0.38140417  1.3315508   1.59530792]
[ 1.59530792  0.38140417  1.3315508 ]
[ 1.59530792  1.3315508   0.38140417]
[ 1.3315508   0.38140417  1.59530792]
[ 1.3315508   1.59530792  0.38140417]
[ 1.66666667  1.54166667  0.29166667]
[ 1.66666667  0.29166667  1.54166667]
[ 1.54166667  1.66666667  0.29166667]
[ 1.54166667  0.29166667  1.66666667]
[ 0.29166667  1.66666667  1.54166667]
[ 0.29166667  1.54166667  1.66666667]
[ 0.83333333  0.83333333  0.83333333]
[ 1.68682796  1.79900744  0.19551282]
[ 1.68682796  0.19551282  1.79900744]
[ 1.79900744  1.68682796  0.19551282]
[ 1.79900744  0.19551282  1.68682796]
[ 0.19551282  1.68682796  1.79900744]
[ 0.19551282  1.79900744  1.68682796]
[ 1.20320197  0.54111406  1.12362637]
[ 1.20320197  1.12362637  0.54111406]
[ 0.54111406  1.20320197  1.12362637]
[ 0.54111406  1.12362637  1.20320197]
[ 1.12362637  1.20320197  0.54111406]
[ 1.12362637  0.54111406  1.20320197]
[ 0.88909091  0.86461538  0.79370629]
[ 0.88909091  0.79370629  0.86461538]
[ 0.86461538  0.88909091  0.79370629]
[ 0.86461538  0.79370629  0.88909091]
[ 0.79370629  0.88909091  0.86461538]
[ 0.79370629  0.86461538  0.88909091]
[ 0.84929757  0.64986737  1.43019943]
[ 0.84929757  1.43019943  0.64986737]
[ 0.64986737  0.84929757  1.43019943]
[ 0.64986737  1.43019943  0.84929757]
[ 1.43019943  0.84929757  0.64986737]
[ 1.43019943  0.64986737  0.84929757]
[ 0.62857143  0.86446886  1.3025641 ]
[ 0.62857143  1.3025641   0.86446886]
[ 0.86446886  0.62857143  1.3025641 ]
[ 0.86446886  1.3025641   0.62857143]
[ 1.3025641   0.62857143  0.86446886]
[ 1.3025641   0.86446886  0.62857143]
[ 0.29006085  1.63395225  1.57918552]
[ 0.29006085  1.57918552  1.63395225]
[ 1.63395225  0.29006085  1.57918552]
[ 1.63395225  1.57918552  0.29006085]
[ 1.57918552  0.29006085  1.63395225]
[ 1.57918552  1.63395225  0.29006085]
[ 1.8225      1.83142857  0.13392857]
[ 1.8225      0.13392857  1.83142857]
[ 1.83142857  1.8225      0.13392857]
[ 1.83142857  0.13392857  1.8225    ]
[ 0.13392857  1.8225      1.83142857]
[ 0.13392857  1.83142857  1.8225    ]
[ 1.35337243  0.65207373  0.84415584]
[ 1.35337243  0.84415584  0.65207373]
[ 0.65207373  1.35337243  0.84415584]
[ 0.65207373  0.84415584  1.35337243]
[ 0.84415584  1.35337243  0.65207373]
[ 0.84415584  0.65207373  1.35337243]
[ 1.01185345  0.57589286  1.15024631]
[ 1.01185345  1.15024631  0.57589286]
[ 0.57589286  1.01185345  1.15024631]
[ 0.57589286  1.15024631  1.01185345]
[ 1.15024631  1.01185345  0.57589286]
[ 1.15024631  0.57589286  1.01185345]
[ 1.62615385  1.41282051  0.34666667]
[ 1.62615385  0.34666667  1.41282051]
[ 1.41282051  1.62615385  0.34666667]
[ 1.41282051  0.34666667  1.62615385]
[ 0.34666667  1.62615385  1.41282051]
[ 0.34666667  1.41282051  1.62615385]
[ 1.21875     0.78958333  0.69583333]
[ 1.21875     0.69583333  0.78958333]
[ 0.78958333  1.21875     0.69583333]
[ 0.78958333  0.69583333  1.21875   ]
[ 0.69583333  1.21875     0.78958333]
[ 0.69583333  0.78958333  1.21875   ]
[ 1.21875     0.66458333  0.82083333]
[ 1.21875     0.82083333  0.66458333]
[ 0.66458333  1.21875     0.82083333]
[ 0.66458333  0.82083333  1.21875   ]
[ 0.82083333  1.21875     0.66458333]
[ 0.82083333  0.66458333  1.21875   ]
[ 1.42615385  1.61282051  0.34666667]
[ 1.42615385  0.34666667  1.61282051]
[ 1.61282051  1.42615385  0.34666667]
[ 1.61282051  0.34666667  1.42615385]
[ 0.34666667  1.42615385  1.61282051]
[ 0.34666667  1.61282051  1.42615385]
[ 0.55059524  1.1047619   1.17916667]
[ 0.55059524  1.17916667  1.1047619 ]
[ 1.1047619   0.55059524  1.17916667]
[ 1.1047619   1.17916667  0.55059524]
[ 1.17916667  0.55059524  1.1047619 ]
[ 1.17916667  1.1047619   0.55059524]
[ 0.57555556  1.38666667  0.92222222]
[ 0.57555556  0.92222222  1.38666667]
[ 1.38666667  0.57555556  0.92222222]
[ 1.38666667  0.92222222  0.57555556]
[ 0.92222222  0.57555556  1.38666667]
[ 0.92222222  1.38666667  0.57555556]
[ 1.8125   1.78125  0.15625]
[ 1.8125   0.15625  1.78125]
[ 1.78125  1.8125   0.15625]
[ 1.78125  0.15625  1.8125 ]
[ 0.15625  1.8125   1.78125]
[ 0.15625  1.78125  1.8125 ]
[ 1.5625   1.28125  0.40625]
[ 1.5625   0.40625  1.28125]
[ 1.28125  1.5625   0.40625]
[ 1.28125  0.40625  1.5625 ]
[ 0.40625  1.5625   1.28125]
[ 0.40625  1.28125  1.5625 ]
[ 1.15398551  0.64583333  0.88315217]
[ 1.15398551  0.88315217  0.64583333]
[ 0.64583333  1.15398551  0.88315217]
[ 0.64583333  0.88315217  1.15398551]
[ 0.88315217  1.15398551  0.64583333]
[ 0.88315217  0.64583333  1.15398551]
[ 1.4375   1.40625  0.40625]
[ 1.4375   0.40625  1.40625]
[ 1.40625  1.4375   0.40625]
[ 1.40625  0.40625  1.4375 ]
[ 0.40625  1.4375   1.40625]
[ 0.40625  1.40625  1.4375 ]
[ 1.3125   1.53125  0.40625]
[ 1.3125   0.40625  1.53125]
[ 1.53125  1.3125   0.40625]
[ 1.53125  0.40625  1.3125 ]
[ 0.40625  1.3125   1.53125]
[ 0.40625  1.53125  1.3125 ]
[ 0.90398551  0.64583333  1.13315217]
[ 0.90398551  1.13315217  0.64583333]
[ 0.64583333  0.90398551  1.13315217]
[ 0.64583333  1.13315217  0.90398551]
[ 1.13315217  0.90398551  0.64583333]
[ 1.13315217  0.64583333  0.90398551]
[ 0.73923445  0.88068182  0.98355263]
[ 0.73923445  0.98355263  0.88068182]
[ 0.88068182  0.73923445  0.98355263]
[ 0.88068182  0.98355263  0.73923445]
[ 0.98355263  0.73923445  0.88068182]
[ 0.98355263  0.88068182  0.73923445]
[ 1.05913043  0.61411765  1.03324808]
[ 1.05913043  1.03324808  0.61411765]
[ 0.61411765  1.05913043  1.03324808]
[ 0.61411765  1.03324808  1.05913043]
[ 1.03324808  1.05913043  0.61411765]
[ 1.03324808  0.61411765  1.05913043]
[ 0.76142857  0.85084034  0.96941176]
[ 0.76142857  0.96941176  0.85084034]
[ 0.85084034  0.76142857  0.96941176]
[ 0.85084034  0.96941176  0.76142857]
[ 0.96941176  0.76142857  0.85084034]
[ 0.96941176  0.85084034  0.76142857]
[ 1.77777778  1.68518519  0.2037037 ]
[ 1.77777778  0.2037037   1.68518519]
[ 1.68518519  1.77777778  0.2037037 ]
[ 1.68518519  0.2037037   1.77777778]
[ 0.2037037   1.77777778  1.68518519]
[ 0.2037037   1.68518519  1.77777778]
[ 1.58793103  0.29582577  1.60789474]
[ 1.58793103  1.60789474  0.29582577]
[ 0.29582577  1.58793103  1.60789474]
[ 0.29582577  1.60789474  1.58793103]
[ 1.60789474  1.58793103  0.29582577]
[ 1.60789474  0.29582577  1.58793103]
[ 0.73894737  0.73894737  1.15789474]
[ 0.73894737  1.15789474  0.73894737]
[ 1.15789474  0.73894737  0.73894737]
[ 0.38585608  1.45670628  1.45546559]
[ 0.38585608  1.45546559  1.45670628]
[ 1.45670628  0.38585608  1.45546559]
[ 1.45670628  1.45546559  0.38585608]
[ 1.45546559  0.38585608  1.45670628]
[ 1.45546559  1.45670628  0.38585608]
[ 0.33592881  1.49745331  1.5753176 ]
[ 0.33592881  1.5753176   1.49745331]
[ 1.49745331  0.33592881  1.5753176 ]
[ 1.49745331  1.5753176   0.33592881]
[ 1.5753176   0.33592881  1.49745331]
[ 1.5753176   1.49745331  0.33592881]
[ 0.82308846  0.79482759  0.92826087]
[ 0.82308846  0.92826087  0.79482759]
[ 0.79482759  0.82308846  0.92826087]
[ 0.79482759  0.92826087  0.82308846]
[ 0.92826087  0.82308846  0.79482759]
[ 0.92826087  0.79482759  0.82308846]
[ 0.6785317   0.81129032  1.16724138]
[ 0.6785317   1.16724138  0.81129032]
[ 0.81129032  0.6785317   1.16724138]
[ 0.81129032  1.16724138  0.6785317 ]
[ 1.16724138  0.6785317   0.81129032]
[ 1.16724138  0.81129032  0.6785317 ]
[ 1.3025584   0.70814132  0.78489327]
[ 1.3025584   0.78489327  0.70814132]
[ 0.70814132  1.3025584   0.78489327]
[ 0.70814132  0.78489327  1.3025584 ]
[ 0.78489327  1.3025584   0.70814132]
[ 0.78489327  0.70814132  1.3025584 ]
[ 1.21936759  1.55486542  0.42640693]
[ 1.21936759  0.42640693  1.55486542]
[ 1.55486542  1.21936759  0.42640693]
[ 1.55486542  0.42640693  1.21936759]
[ 0.42640693  1.21936759  1.55486542]
[ 0.42640693  1.55486542  1.21936759]
[ 0.81206171  0.76651306  0.99792961]
[ 0.81206171  0.99792961  0.76651306]
[ 0.76651306  0.81206171  0.99792961]
[ 0.76651306  0.99792961  0.81206171]
[ 0.99792961  0.81206171  0.76651306]
[ 0.99792961  0.76651306  0.81206171]
[ 0.87706147  0.61412151  1.21532091]
[ 0.87706147  1.21532091  0.61412151]
[ 0.61412151  0.87706147  1.21532091]
[ 0.61412151  1.21532091  0.87706147]
[ 1.21532091  0.87706147  0.61412151]
[ 1.21532091  0.61412151  0.87706147]
[ 0.70031056  0.79761905  1.14078675]
[ 0.70031056  1.14078675  0.79761905]
[ 0.79761905  0.70031056  1.14078675]
[ 0.79761905  1.14078675  0.70031056]
[ 1.14078675  0.70031056  0.79761905]
[ 1.14078675  0.79761905  0.70031056]
[ 1.09833333  0.86727273  0.68560606]
[ 1.09833333  0.68560606  0.86727273]
[ 0.86727273  1.09833333  0.68560606]
[ 0.86727273  0.68560606  1.09833333]
[ 0.68560606  1.09833333  0.86727273]
[ 0.68560606  0.86727273  1.09833333]
[ 1.1660693   1.53812317  0.44612795]
[ 1.1660693   0.44612795  1.53812317]
[ 1.53812317  1.1660693   0.44612795]
[ 1.53812317  0.44612795  1.1660693 ]
[ 0.44612795  1.1660693   1.53812317]
[ 0.44612795  1.53812317  1.1660693 ]
[ 0.80510753  0.68768328  1.29924242]
[ 0.80510753  1.29924242  0.68768328]
[ 0.68768328  0.80510753  1.29924242]
[ 0.68768328  1.29924242  0.80510753]
[ 1.29924242  0.80510753  0.68768328]
[ 1.29924242  0.68768328  0.80510753]
[ 1.08521739  0.7373913   0.7826087 ]
[ 1.08521739  0.7826087   0.7373913 ]
[ 0.7373913   1.08521739  0.7826087 ]
[ 0.7373913   0.7826087   1.08521739]
[ 0.7826087   1.08521739  0.7373913 ]
[ 0.7826087   0.7373913   1.08521739]
[ 0.94026284  1.42496494  0.55877617]
[ 0.94026284  0.55877617  1.42496494]
[ 1.42496494  0.94026284  0.55877617]
[ 1.42496494  0.55877617  0.94026284]
[ 0.55877617  0.94026284  1.42496494]
[ 0.55877617  1.42496494  0.94026284]
[ 1.72  1.64  0.24]
[ 1.72  0.24  1.64]
[ 1.64  1.72  0.24]
[ 1.64  0.24  1.72]
[ 0.24  1.72  1.64]
[ 0.24  1.64  1.72]
[ 1.68  1.68  0.24]
[ 1.68  0.24  1.68]
[ 0.24  1.68  1.68]
[ 1.28  0.96  0.56]
[ 1.28  0.56  0.96]
[ 0.96  1.28  0.56]
[ 0.96  0.56  1.28]
[ 0.56  1.28  0.96]
[ 0.56  0.96  1.28]
[ 1.1837037  0.8637037  0.64     ]
[ 1.1837037  0.64       0.8637037]
[ 0.8637037  1.1837037  0.64     ]
[ 0.8637037  0.64       1.1837037]
[ 0.64       1.1837037  0.8637037]
[ 0.64       0.8637037  1.1837037]
[ 1.16  1.08  0.56]
[ 1.16  0.56  1.08]
[ 1.08  1.16  0.56]
[ 1.08  0.56  1.16]
[ 0.56  1.16  1.08]
[ 0.56  1.08  1.16]
[ 1.05295567  0.75724138  0.77571429]
[ 1.05295567  0.77571429  0.75724138]
[ 0.75724138  1.05295567  0.77571429]
[ 0.75724138  0.77571429  1.05295567]
[ 0.77571429  1.05295567  0.75724138]
[ 0.77571429  0.75724138  1.05295567]
[ 1.12  1.12  0.56]
[ 1.12  0.56  1.12]
[ 0.56  1.12  1.12]
[ 1.0637037  0.9837037  0.64     ]
[ 1.0637037  0.64       0.9837037]
[ 0.9837037  1.0637037  0.64     ]
[ 0.9837037  0.64       1.0637037]
[ 0.64       1.0637037  0.9837037]
[ 0.64       0.9837037  1.0637037]
[ 1.0237037  1.0237037  0.64     ]
[ 1.0237037  0.64       1.0237037]
[ 0.64       1.0237037  1.0237037]
[ 0.74753695  0.74896552  1.35857143]
[ 0.74753695  1.35857143  0.74896552]
[ 0.74896552  0.74753695  1.35857143]
[ 0.74896552  1.35857143  0.74753695]
[ 1.35857143  0.74753695  0.74896552]
[ 1.35857143  0.74896552  0.74753695]
[ 0.67741935  1.2283871   0.80903226]
[ 0.67741935  0.80903226  1.2283871 ]
[ 1.2283871   0.67741935  0.80903226]
[ 1.2283871   0.80903226  0.67741935]
[ 0.80903226  0.67741935  1.2283871 ]
[ 0.80903226  1.2283871   0.67741935]
[ 1.59259259  1.37037037  0.37037037]
[ 1.59259259  0.37037037  1.37037037]
[ 1.37037037  1.59259259  0.37037037]
[ 1.37037037  0.37037037  1.59259259]
[ 0.37037037  1.59259259  1.37037037]
[ 0.37037037  1.37037037  1.59259259]
[ 1.18518519  0.74074074  0.74074074]
[ 0.74074074  1.18518519  0.74074074]
[ 0.74074074  0.74074074  1.18518519]
[ 1.48148148  1.48148148  0.37037037]
[ 1.48148148  0.37037037  1.48148148]
[ 0.37037037  1.48148148  1.48148148]
[ 1.29418103  1.4525463   0.43422733]
[ 1.29418103  0.43422733  1.4525463 ]
[ 1.4525463   1.29418103  0.43422733]
[ 1.4525463   0.43422733  1.29418103]
[ 0.43422733  1.29418103  1.4525463 ]
[ 0.43422733  1.4525463   1.29418103]
[ 1.53615128  0.36373749  1.44827586]
[ 1.53615128  1.44827586  0.36373749]
[ 0.36373749  1.53615128  1.44827586]
[ 0.36373749  1.44827586  1.53615128]
[ 1.44827586  1.53615128  0.36373749]
[ 1.44827586  0.36373749  1.53615128]
[ 0.9299569   0.72306034  0.96551724]
[ 0.9299569   0.96551724  0.72306034]
[ 0.72306034  0.9299569   0.96551724]
[ 0.72306034  0.96551724  0.9299569 ]
[ 0.96551724  0.9299569   0.72306034]
[ 0.96551724  0.72306034  0.9299569 ]
[ 0.85584677  0.8825431   0.80088988]
[ 0.85584677  0.80088988  0.8825431 ]
[ 0.8825431   0.85584677  0.80088988]
[ 0.8825431   0.80088988  0.85584677]
[ 0.80088988  0.85584677  0.8825431 ]
[ 0.80088988  0.8825431   0.85584677]
